INSTANCE: MO1

TOTAL GENERATION IS: 250

-------------------------------------------------------------------------------------------------------------------------

ROUND 1:
Generation, best, average, variance, time(s)
0 6478.76224 8530.0113645 609307.0194905736 0.004997730255126953
1 2800.8725000000004 7963.710332500003 446046.6020297354 0.01255178451538086
2 1819.70755 7876.363526 677167.7830210518 0.019022703170776367
3 1435.40356 7626.075845900001 655462.7219968181 0.02515387535095215
4 1384.74313 5686.3474107 678136.1822749996 0.030984878540039062
5 1379.7163899999998 5660.147259000001 628517.576736738 0.03744196891784668
6 1378.88308 5639.5170883 595690.3966324753 0.04297184944152832
7 1366.16514 5357.187861700001 584826.2593441944 0.04834461212158203
8 1366.16514 5081.6354783 542858.3134554048 0.05391573905944824
9 1316.34874 5049.911726699999 535030.443502947 0.05965280532836914
10 1316.34874 4743.9080631 468688.2678310587 0.06504702568054199
11 1316.34874 4734.8006968 456846.4651134991 0.07071185111999512
12 1316.34874 4723.706838099999 446888.76624344813 0.07644486427307129
13 1316.34874 4722.8278156 445406.8688725835 0.08175468444824219
14 1316.34874 4625.3558355 424755.6651728393 0.08719778060913086
15 1316.34874 4383.8263194 393785.1784759034 0.09228181838989258
16 1316.34874 4378.9222338 389840.07164218853 0.09752583503723145
17 1316.34874 4163.2260858 385645.61714012385 0.1026468276977539
18 1316.34874 4026.965334 276484.20591685775 0.1078188419342041
19 1316.34874 3934.765993 299731.88341812335 0.11311578750610352
20 1316.34874 3814.9291776000005 251199.8789185971 0.11825680732727051
21 1316.34874 3706.3214862 199576.82047101107 0.1234288215637207
22 1316.34874 3702.7833173 197613.67892945028 0.1285717487335205
23 1316.34874 3684.9469825 201829.8340810524 0.13393282890319824
24 1316.34874 3620.8676670000004 200765.38406050685 0.1390857696533203
25 1316.34874 3618.6558387000005 200909.06430858266 0.14477896690368652
26 1316.34874 3596.4580739000003 202098.45696663833 0.1502668857574463
27 1316.34874 3508.6171863 188339.76244461638 0.15571093559265137
28 1316.34874 3413.1279683000002 187645.4544781275 0.16092276573181152
29 1316.34874 3412.6353253 187652.87652603112 0.1667308807373047
30 1316.34874 3411.8350934 187295.72178476263 0.17258286476135254
31 1316.34874 3411.8350934 187295.72178476263 0.17771482467651367
32 1316.34874 3409.311978 183654.53702476647 0.182966947555542
33 1316.34874 3387.4083717999997 182192.53926593333 0.18840599060058594
34 1316.34874 3372.4671740999997 180102.80718327398 0.19400382041931152
35 1316.34874 3368.5006476000003 176932.37902362482 0.19927287101745605
36 1316.34874 3296.6833088000003 206333.5135041884 0.2045140266418457
37 1316.34874 3203.6252652000003 207631.75444914988 0.20988082885742188
38 1316.34874 3185.6427999 208233.3509114475 0.21528291702270508
39 1316.34874 3107.5489254999998 196437.35418239245 0.22040867805480957
40 1316.34874 3094.5829370000006 188027.43512858805 0.22582769393920898
41 1316.34874 3007.7805694 176885.2430259229 0.2312147617340088
42 1316.34874 3005.355533 175053.96590517403 0.23636674880981445
43 1316.34874 2976.3025753 171875.8589280836 0.24176478385925293
44 1316.34874 2899.2970665000003 163118.51384644865 0.2471458911895752
45 1305.9514100000001 2887.4203666000003 163729.57312673974 0.25253868103027344
46 1305.9514100000001 2883.4190982 163745.23306668762 0.25797295570373535
47 1305.9514100000001 2837.8087802 146029.7524702556 0.26303672790527344
48 1305.9514100000001 2770.0386796000003 147849.106445141 0.2686808109283447
49 1305.9514100000001 2762.6353282 144099.50318204044 0.2738077640533447
50 1305.9514100000001 2758.4856554000003 143902.30593190284 0.2788217067718506
51 1305.9514100000001 2758.4856554000003 143902.30593190284 0.28412795066833496
52 1305.9514100000001 2643.4807134000002 153073.43957473894 0.28899288177490234
53 1305.9514100000001 2593.2823233999998 147420.37383466706 0.2942538261413574
54 1305.9514100000001 2582.9257092999997 146293.7650328809 0.2994978427886963
55 1305.9514100000001 2521.594279 147838.91288449243 0.30485081672668457
56 1305.9514100000001 2507.3107575000004 146811.71194752745 0.31026387214660645
57 1305.9514100000001 2448.6845588000006 120487.77488128335 0.31526875495910645
58 1305.9514100000001 2397.6714285 107386.35792840124 0.32048678398132324
59 1305.9514100000001 2331.8840971000004 96294.00865051447 0.3254849910736084
60 1305.9514100000001 2330.1581288 94958.4020263542 0.3305518627166748
61 1305.9514100000001 2277.1446064999996 100682.41422378429 0.3354790210723877
62 1305.9514100000001 2266.862217 98116.610560413 0.3403949737548828
63 1305.9514100000001 2247.6845627999996 91784.098399339 0.3455207347869873
64 1305.9514100000001 2193.8773233 91966.6269587748 0.35077595710754395
65 1305.9514100000001 2143.4315752 85062.44089911254 0.35575175285339355
66 1305.9514100000001 2135.4142246 86871.45197832627 0.3608109951019287
67 1305.9514100000001 2135.4142246 86871.45197832627 0.3658277988433838
68 1305.9514100000001 2063.2903539999998 76443.32382921224 0.3706188201904297
69 1305.9514100000001 2061.292181 75961.99950456401 0.375532865524292
70 1305.9514100000001 2050.5427630000004 75912.87848716839 0.38071393966674805
71 1305.9514100000001 2042.6078178999999 72103.12865213127 0.385955810546875
72 1305.9514100000001 1996.4331942000001 76488.8037745216 0.3911738395690918
73 1305.9514100000001 1993.7366525000002 76203.63546222677 0.39638781547546387
74 1305.9514100000001 1986.2012561 72591.178581234 0.4015688896179199
75 1305.9514100000001 1976.0374995000002 66730.02217790726 0.4064319133758545
76 1305.9514100000001 1930.3257647000003 66783.03526112107 0.41160082817077637
77 1305.9514100000001 1892.6484505 58872.85150773912 0.41675472259521484
78 1305.9514100000001 1857.3526797 42983.91033708773 0.4219367504119873
79 1305.9514100000001 1819.3225958999997 42451.232901348696 0.4271066188812256
80 1305.9514100000001 1774.8021180999997 38952.29803970784 0.4322507381439209
81 1305.9514100000001 1733.4367114999998 34031.83625739865 0.43701767921447754
82 1305.9514100000001 1700.3707180000001 30720.44940128944 0.44209790229797363
83 1305.9514100000001 1655.2253005 23509.04045494097 0.44684696197509766
84 1305.9514100000001 1638.2484482 21024.39542172568 0.4516458511352539
85 1305.9514100000001 1618.8943410000002 17559.417171049827 0.45647096633911133
86 1305.9514100000001 1616.4762751999997 17058.10736526533 0.4618067741394043
87 1305.9514100000001 1609.1672384999997 14407.925141545003 0.46689295768737793
88 1305.9514100000001 1579.2398918000001 10709.479006570622 0.47197580337524414
89 1305.9514100000001 1575.3932104 10812.842141254765 0.47734594345092773
90 1305.9514100000001 1538.9987583000004 9341.202583640297 0.48230886459350586
91 1305.9514100000001 1519.8849653 8630.926163078324 0.48754286766052246
92 1305.9514100000001 1518.7105360999997 8486.814541867932 0.49311375617980957
93 1305.9514100000001 1511.4377037999998 7326.314463234034 0.49796390533447266
94 1305.9514100000001 1507.9520059 6793.733698754404 0.5032079219818115
95 1305.9514100000001 1485.4439317999997 5735.367725428961 0.5082569122314453
96 1305.9514100000001 1479.3804234000002 5340.037510676105 0.5134727954864502
97 1305.9514100000001 1476.5144352999998 5298.664024154779 0.5185546875
98 1305.9514100000001 1455.3832168999998 4958.965505698464 0.5234596729278564
99 1305.9514100000001 1451.782859 4760.346960003439 0.5284538269042969
100 1305.9514100000001 1432.5095355999997 3822.278352248013 0.5333576202392578
101 1305.9514100000001 1430.7007052999998 3880.423806821543 0.5386018753051758
102 1305.9514100000001 1420.8410737999998 3947.5043598409484 0.5443599224090576
103 1305.9514100000001 1415.2626273999997 3822.9551020772183 0.5499749183654785
104 1305.9514100000001 1408.7628621999997 3534.655006339579 0.5564436912536621
105 1305.9514100000001 1404.5435494999997 3490.6780764539326 0.5624356269836426
106 1305.9514100000001 1393.5484884 3138.296628770587 0.5685780048370361
107 1305.9514100000001 1385.2132372999997 2971.6051830369342 0.5748207569122314
108 1305.9514100000001 1380.4615707999997 2746.1481478051614 0.5808486938476562
109 1305.9514100000001 1377.0559967 2624.7164488270814 0.5868079662322998
110 1305.9514100000001 1373.4552422999998 2581.4065711953713 0.5929248332977295
111 1305.9514100000001 1370.6528021 2513.583214053233 0.5991458892822266
112 1305.9514100000001 1364.5806146999998 2175.0637946076304 0.6056728363037109
113 1305.9514100000001 1360.4955122999997 1968.0733315611135 0.6120357513427734
114 1305.9514100000001 1356.7069084999998 1833.901797387003 0.6181759834289551
115 1305.9514100000001 1354.1392314999998 1738.535965923687 0.6240386962890625
116 1305.9514100000001 1348.4324253 1561.676808633823 0.6298067569732666
117 1305.9514100000001 1347.3510622 1446.545957545666 0.635915994644165
118 1305.9514100000001 1343.452916 1220.0973426191144 0.6416456699371338
119 1305.9514100000001 1339.3396393 1096.2749367536712 0.6472787857055664
120 1305.9514100000001 1336.7621038 1023.8225710716721 0.6531589031219482
121 1305.9514100000001 1335.4436692 976.8311837095243 0.6588568687438965
122 1305.9514100000001 1333.221498 797.2531281407449 0.6647286415100098
123 1305.9514100000001 1332.6322308 796.419216875618 0.6707487106323242
124 1305.9514100000001 1331.1603307999999 735.4567119930367 0.676555871963501
125 1305.9514100000001 1329.6803393 687.2510421505239 0.6823158264160156
126 1305.9514100000001 1327.3191533000002 635.4017674078891 0.6881868839263916
127 1305.9514100000001 1326.839216 633.014443689991 0.6939036846160889
128 1305.9514100000001 1325.6486599999998 571.2531361506528 0.6996297836303711
129 1305.9514100000001 1325.5056138 574.2525964334866 0.7055017948150635
130 1305.9514100000001 1324.5472662999998 524.9225683554744 0.7111737728118896
131 1305.9514100000001 1323.7156341999998 521.1174135452856 0.7168278694152832
132 1305.9514100000001 1323.5044896999998 511.7362520515121 0.7227609157562256
133 1305.9514100000001 1323.2691763999997 499.4124067132987 0.7286336421966553
134 1305.9514100000001 1321.7235890999998 458.99668302984384 0.7343919277191162
135 1305.9514100000001 1320.4561370999998 391.74027529736793 0.7400698661804199
136 1305.9514100000001 1319.9588121 378.6413864119599 0.7457408905029297
137 1305.9514100000001 1319.55943 361.4385381958833 0.7516567707061768
138 1305.9514100000001 1319.0042176999998 354.5215159301933 0.7573728561401367
139 1305.9514100000001 1318.5376758999998 345.44647347706547 0.7632627487182617
140 1305.9514100000001 1317.8498588 316.09682967708346 0.7690579891204834
141 1305.9514100000001 1317.3734148 271.55082229760194 0.7748458385467529
142 1305.9514100000001 1316.7576767 241.519236603015 0.7805047035217285
143 1305.9514100000001 1315.8672076999999 218.92860200826874 0.7863197326660156
144 1305.9514100000001 1315.8672076999999 218.92860200826874 0.7920749187469482
145 1305.9514100000001 1315.6918809999997 200.30178096325602 0.7977049350738525
146 1305.9514100000001 1315.1035729999996 176.26729422762605 0.803596019744873
147 1305.9514100000001 1313.8858250999997 128.6886688717238 0.8092479705810547
148 1305.9514100000001 1313.5415174 116.33063693784827 0.8149979114532471
149 1305.9514100000001 1313.1208042999997 116.57298023272745 0.8206748962402344
150 1305.9514100000001 1312.6918423999998 104.81206382288144 0.8262877464294434
151 1305.9514100000001 1312.3442456999996 105.34213056254366 0.8319478034973145
152 1305.9514100000001 1312.3442456999996 105.34213056254366 0.8376588821411133
153 1305.9514100000001 1312.3442456999996 105.34213056254366 0.8435876369476318
154 1305.9514100000001 1312.3442456999996 105.34213056254366 0.8492929935455322
155 1305.9514100000001 1312.2093862 105.27720212346865 0.854982852935791
156 1305.9514100000001 1312.2093862 105.27720212346865 0.860576868057251
157 1305.9514100000001 1312.2093862 105.27720212346865 0.8663489818572998
158 1305.9514100000001 1311.8227349999997 87.18819581557442 0.8721957206726074
159 1305.9514100000001 1311.8227349999997 87.18819581557442 0.8780930042266846
160 1305.9514100000001 1311.8227349999997 87.18819581557442 0.8837916851043701
161 1305.9514100000001 1311.7759343999999 87.51653896896804 0.8894498348236084
162 1305.9514100000001 1311.6880589999998 87.76027311344642 0.8954298496246338
163 1305.9514100000001 1311.6880589999998 87.76027311344642 0.9012417793273926
164 1305.9514100000001 1311.6880589999998 87.76027311344642 0.9072468280792236
165 1305.9514100000001 1311.5686425999997 87.69008512124864 0.9130678176879883
166 1305.9514100000001 1311.5275678 87.59667241677056 0.9189207553863525
167 1305.9514100000001 1311.5275678 87.59667241677056 0.9245607852935791
168 1305.9514100000001 1311.4864929999999 87.4998854339024 0.9301459789276123
169 1305.9514100000001 1311.2010484999998 75.61311769412426 0.9359879493713379
170 1305.9514100000001 1311.0816320999998 75.42661562058208 0.9416666030883789
171 1305.9514100000001 1310.9937566999997 75.54832558039358 0.9473438262939453
172 1305.9514100000001 1310.5358383999999 63.441454465934946 0.9535298347473145
173 1305.9514100000001 1310.3900153999996 61.817320535748316 0.9593777656555176
174 1305.9514100000001 1310.2726978999997 61.46866973734606 0.9651188850402832
175 1305.9514100000001 1310.0544687999998 58.54471332709405 0.9708547592163086
176 1305.9514100000001 1309.8885321999996 57.83389993604465 0.9765686988830566
177 1305.9514100000001 1309.8885321999996 57.83389993604465 0.982313871383667
178 1305.9514100000001 1309.7845588999999 57.56075595291733 0.9878618717193604
179 1305.9514100000001 1309.6757949999997 57.19978421994255 0.9939119815826416
180 1305.9514100000001 1308.0694004999996 33.499846113922395 0.9994368553161621
181 1305.9514100000001 1306.9614853999994 6.969525421436568 1.0048918724060059
182 1305.9514100000001 1306.3554379999996 2.8104760008718803 1.0103938579559326
183 1305.9514100000001 1306.2207619999995 1.9099259171999188 1.015820026397705
184 1305.9514100000001 1306.0860859999996 0.9731005835759585 1.021239995956421
185 1305.9514100000001 1305.9514099999997 2.0679515313825692e-25 1.0270566940307617
186 1305.9514100000001 1305.9514099999997 2.0679515313825692e-25 1.0326757431030273
187 1305.9514100000001 1305.9514099999997 2.0679515313825692e-25 1.0381486415863037
188 1305.9514100000001 1305.9514099999997 2.0679515313825692e-25 1.043686866760254
189 1305.9514100000001 1305.9514099999997 2.0679515313825692e-25 1.0493669509887695
190 1305.9514100000001 1305.9514099999997 2.0679515313825692e-25 1.0552468299865723
191 1305.9514100000001 1305.9514099999997 2.0679515313825692e-25 1.0608477592468262
192 1305.9514100000001 1305.9514099999997 2.0679515313825692e-25 1.0664896965026855
193 1305.9514100000001 1305.9514099999997 2.0679515313825692e-25 1.0723209381103516
194 1305.9514100000001 1305.9514099999997 2.0679515313825692e-25 1.0781009197235107
195 1305.9514100000001 1305.9514099999997 2.0679515313825692e-25 1.083805799484253
196 1305.9514100000001 1305.9514099999997 2.0679515313825692e-25 1.0894997119903564
197 1305.9514100000001 1305.9514099999997 2.0679515313825692e-25 1.0952837467193604
198 1305.9514100000001 1305.9514099999997 2.0679515313825692e-25 1.1009206771850586
199 1305.9514100000001 1305.9514099999997 2.0679515313825692e-25 1.1064648628234863
200 1305.9514100000001 1305.9514099999997 2.0679515313825692e-25 1.112414836883545
201 1305.9514100000001 1305.9514099999997 2.0679515313825692e-25 1.1181249618530273
202 1305.9514100000001 1305.9514099999997 2.0679515313825692e-25 1.1238248348236084
203 1305.9514100000001 1305.9514099999997 2.0679515313825692e-25 1.129417896270752
204 1305.9514100000001 1305.9514099999997 2.0679515313825692e-25 1.1348538398742676
205 1305.9514100000001 1305.9514099999997 2.0679515313825692e-25 1.1405696868896484
206 1305.9514100000001 1305.9514099999997 2.0679515313825692e-25 1.146535873413086
207 1305.9514100000001 1305.9514099999997 2.0679515313825692e-25 1.1524999141693115
208 1305.9514100000001 1305.9514099999997 2.0679515313825692e-25 1.1578948497772217
209 1305.9514100000001 1305.9514099999997 2.0679515313825692e-25 1.1638007164001465
210 1305.9514100000001 1305.9514099999997 2.0679515313825692e-25 1.1697919368743896
211 1305.9514100000001 1305.9514099999997 2.0679515313825692e-25 1.1752057075500488
212 1305.9514100000001 1305.9514099999997 2.0679515313825692e-25 1.1806318759918213
213 1305.9514100000001 1305.9514099999997 2.0679515313825692e-25 1.1861119270324707
214 1305.9514100000001 1305.9514099999997 2.0679515313825692e-25 1.191565752029419
215 1305.9514100000001 1305.9514099999997 2.0679515313825692e-25 1.1968588829040527
216 1305.9514100000001 1305.9514099999997 2.0679515313825692e-25 1.202110767364502
217 1305.9514100000001 1305.9514099999997 2.0679515313825692e-25 1.2074618339538574
218 1305.9514100000001 1305.9514099999997 2.0679515313825692e-25 1.2126059532165527
219 1305.9514100000001 1305.9514099999997 2.0679515313825692e-25 1.2176859378814697
220 1305.9514100000001 1305.9514099999997 2.0679515313825692e-25 1.2229118347167969
221 1305.9514100000001 1305.9514099999997 2.0679515313825692e-25 1.228700876235962
222 1305.9514100000001 1305.9514099999997 2.0679515313825692e-25 1.2344577312469482
223 1305.9514100000001 1305.9514099999997 2.0679515313825692e-25 1.2401618957519531
224 1305.9514100000001 1305.9514099999997 2.0679515313825692e-25 1.2456188201904297
225 1305.9514100000001 1305.9514099999997 2.0679515313825692e-25 1.2511889934539795
226 1305.9514100000001 1305.9514099999997 2.0679515313825692e-25 1.256807804107666
227 1305.9514100000001 1305.9514099999997 2.0679515313825692e-25 1.2623248100280762
228 1305.9514100000001 1305.9514099999997 2.0679515313825692e-25 1.2679197788238525
229 1305.9514100000001 1305.9514099999997 2.0679515313825692e-25 1.2736217975616455
230 1305.9514100000001 1305.9514099999997 2.0679515313825692e-25 1.2789359092712402
231 1305.9514100000001 1305.9514099999997 2.0679515313825692e-25 1.2843897342681885
232 1305.9514100000001 1305.9514099999997 2.0679515313825692e-25 1.2898039817810059
233 1305.9514100000001 1305.9514099999997 2.0679515313825692e-25 1.295278787612915
234 1305.9514100000001 1305.9514099999997 2.0679515313825692e-25 1.300757884979248
235 1305.9514100000001 1305.9514099999997 2.0679515313825692e-25 1.306290864944458
236 1305.9514100000001 1305.9514099999997 2.0679515313825692e-25 1.311830997467041
237 1305.9514100000001 1305.9514099999997 2.0679515313825692e-25 1.3173418045043945
238 1305.9514100000001 1305.9514099999997 2.0679515313825692e-25 1.3229687213897705
239 1305.9514100000001 1305.9514099999997 2.0679515313825692e-25 1.3286666870117188
240 1305.9514100000001 1305.9514099999997 2.0679515313825692e-25 1.334211826324463
241 1305.9514100000001 1305.9514099999997 2.0679515313825692e-25 1.3398127555847168
242 1305.9514100000001 1305.9514099999997 2.0679515313825692e-25 1.345329761505127
243 1305.9514100000001 1305.9514099999997 2.0679515313825692e-25 1.350653886795044
244 1305.9514100000001 1305.9514099999997 2.0679515313825692e-25 1.3559308052062988
245 1305.9514100000001 1305.9514099999997 2.0679515313825692e-25 1.3612899780273438
246 1305.9514100000001 1305.9514099999997 2.0679515313825692e-25 1.3665997982025146
247 1305.9514100000001 1305.9514099999997 2.0679515313825692e-25 1.371950626373291
248 1305.9514100000001 1305.9514099999997 2.0679515313825692e-25 1.3776607513427734
249 1305.9514100000001 1305.9514099999997 2.0679515313825692e-25 1.3830218315124512
The optimum value should be 1305.95141

1305.9514100000001 1.3882176876068115

-------------------------------------------------------------------------------------------------------------------------

ROUND 2:
Generation, best, average, variance, time(s)
0 6205.2276999999995 8658.9312497 724165.1136147277 0.0032880306243896484
1 2644.55039 8007.249531200002 488775.646990374 0.009285211563110352
2 1631.17083 7680.702736300001 633318.2016779822 0.014861106872558594
3 1601.33499 7491.555158900001 716813.841925205 0.02081012725830078
4 1440.9516600000002 7276.128094000001 680855.2826074845 0.026400089263916016
5 1432.15404 5403.6000981 675682.9100735006 0.03199315071105957
6 1395.83573 5367.3054635 621460.1583961761 0.037776947021484375
7 1395.83573 4880.5728956 461932.8249999695 0.04317212104797363
8 1395.83573 4759.4120433 473165.6766056689 0.04862809181213379
9 1378.7772100000002 4608.003159899999 455653.57172560523 0.054049015045166016
10 1378.7772100000002 4492.7753239 423582.31592834956 0.0591740608215332
11 1378.7772100000002 4476.007178899999 406199.4440296108 0.0646510124206543
12 1367.0243099999998 4415.444562799999 374493.4425498293 0.07020020484924316
13 1345.19474 4366.5921486 380570.6018797362 0.07573103904724121
14 1345.19474 4140.0615138 326464.81499487424 0.08088803291320801
15 1345.19474 4125.7540995 313519.3474019455 0.08633804321289062
16 1345.19474 3961.482741 281456.8692083038 0.09149599075317383
17 1345.19474 3882.8782528000006 264286.7198685206 0.09683108329772949
18 1345.19474 3854.8118102000003 277177.53841902287 0.10227513313293457
19 1345.19474 3770.8517219000005 286488.0686826912 0.10749602317810059
20 1345.19474 3730.7252066000005 280379.70767599676 0.11264896392822266
21 1345.19474 3670.2178044999996 284342.1955924149 0.1179652214050293
22 1345.19474 3601.657170800001 259055.13894564495 0.12312912940979004
23 1345.19474 3539.4288704999994 242830.77175092613 0.12840604782104492
24 1345.19474 3468.6133017 236063.7819122237 0.1337432861328125
25 1345.19474 3405.7124455 234102.82012607207 0.13879919052124023
26 1345.19474 3338.0774922 222626.91233825928 0.14421606063842773
27 1345.19474 3290.7498661000004 208399.07496243026 0.1493692398071289
28 1345.19474 3208.6648501000004 198178.32348029505 0.15443897247314453
29 1345.19474 3135.931621400001 176865.49730851297 0.1596202850341797
30 1345.19474 3036.1179976000003 197045.42310850957 0.16472411155700684
31 1345.19474 2926.2809571999996 177684.997153869 0.16999292373657227
32 1345.19474 2920.6579695 174319.22560802143 0.17555999755859375
33 1345.19474 2832.5631351999996 189946.94241876493 0.18062901496887207
34 1345.19474 2734.7541741 182287.04155188412 0.1862342357635498
35 1345.19474 2694.3019083 170347.1988409131 0.19150805473327637
36 1345.19474 2627.1949156 155697.6822596398 0.1966872215270996
37 1345.19474 2563.7278681999996 138072.7725846164 0.20198297500610352
38 1345.19474 2491.7103859 149325.90098487932 0.20693397521972656
39 1345.19474 2481.9315487999997 142524.40526835644 0.2121720314025879
40 1345.19474 2464.7987653 139308.70351718637 0.2173290252685547
41 1345.19474 2370.6376022000004 142393.4238370799 0.22231817245483398
42 1345.19474 2352.2681051 137971.54575031242 0.2275242805480957
43 1345.19474 2330.9586004 136477.07312166653 0.23267889022827148
44 1345.19474 2304.9398716 123346.66155644585 0.23791217803955078
45 1345.19474 2294.5661256000003 124401.33148622348 0.24303913116455078
46 1345.19474 2283.2486583 121865.39217507298 0.24854612350463867
47 1345.19474 2218.9313086 101938.49286737306 0.2535841464996338
48 1345.19474 2177.5227609999997 95153.88443585252 0.25998497009277344
49 1345.19474 2153.6924799 96647.27899941591 0.26708102226257324
50 1331.8960900000002 2138.9670859 97535.00239657433 0.2735941410064697
51 1331.8960900000002 2118.2785033 91311.07510595511 0.28123903274536133
52 1331.8960900000002 2078.0118805 88363.66121051613 0.28668904304504395
53 1331.8960900000002 2027.6304954 73474.3886707419 0.293133020401001
54 1331.8960900000002 1954.5768975 69023.05293821884 0.2994391918182373
55 1331.8960900000002 1941.4529592000004 66467.1550324392 0.3056151866912842
56 1331.8960900000002 1899.5552644000002 69566.69618113509 0.3117971420288086
57 1331.8960900000002 1884.1749369000004 65484.456331684145 0.3173329830169678
58 1331.8960900000002 1851.6479457000003 56416.82980221011 0.323091983795166
59 1331.8960900000002 1804.8278823 47037.95938118324 0.3284270763397217
60 1331.8960900000002 1775.6184212999997 43938.713744100125 0.33405017852783203
61 1331.8960900000002 1736.8351736999998 35718.32269430325 0.339047908782959
62 1331.8960900000002 1704.4062502000002 31535.690480960588 0.34456300735473633
63 1331.8960900000002 1684.3705713999996 27839.576756756767 0.3504471778869629
64 1328.4001500000002 1669.9095800999996 27377.149430103735 0.35628509521484375
65 1310.63147 1660.8092252999998 28270.971247181616 0.36318206787109375
66 1310.63147 1653.183675 26172.647093817508 0.3692901134490967
67 1310.63147 1622.7502328 20503.081771170877 0.3752720355987549
68 1310.63147 1598.3427489000003 17622.992831402684 0.38088011741638184
69 1310.63147 1591.8579684000003 16233.680507728172 0.3875551223754883
70 1310.63147 1564.5986679 13152.870009875385 0.3938560485839844
71 1310.63147 1531.3285028 9340.250376056905 0.3992960453033447
72 1310.63147 1526.7802130999999 9224.64370206938 0.40505409240722656
73 1310.63147 1513.3020161000002 7468.673008739953 0.4105212688446045
74 1310.63147 1503.3509172 6103.972546490858 0.4163320064544678
75 1310.63147 1480.3523847000004 4074.3299701779733 0.4218461513519287
76 1310.63147 1478.0742696000002 4028.6207367041065 0.4277520179748535
77 1310.63147 1461.7088058 3504.9772946438184 0.4335451126098633
78 1310.63147 1447.8433223999998 3458.3107308345234 0.43920016288757324
79 1310.63147 1429.6813398000002 2144.6634862038413 0.4442710876464844
80 1310.63147 1421.6995230999999 1995.0762015459395 0.4498891830444336
81 1310.63147 1407.3736466999999 1827.0262429779543 0.4555220603942871
82 1310.63147 1405.5381139999997 1848.4285985212744 0.46108293533325195
83 1310.63147 1395.8456464 1387.4490869181102 0.4671671390533447
84 1310.63147 1386.645802 1083.785128053104 0.47273802757263184
85 1310.63147 1376.4881960000002 985.0060203616725 0.47809910774230957
86 1310.63147 1374.666857 993.933738675532 0.4837009906768799
87 1310.63147 1366.7382469000004 939.6097322542107 0.48850202560424805
88 1310.63147 1361.5520218999998 919.0258634044646 0.4937160015106201
89 1310.63147 1357.6551548999998 835.171044845239 0.49927306175231934
90 1310.63147 1356.3326839 835.6591006330657 0.5046999454498291
91 1305.9514100000001 1349.7552596000003 652.1203659687677 0.5097000598907471
92 1305.9514100000001 1343.2938272000001 633.4669740753565 0.5152950286865234
93 1305.9514100000001 1337.3533414000003 492.20018392615304 0.5204391479492188
94 1305.9514100000001 1331.5852064 340.31822153941437 0.5252070426940918
95 1305.9514100000001 1326.2945157000001 281.5065010221519 0.530468225479126
96 1305.9514100000001 1322.3845568 209.68410491530713 0.5354220867156982
97 1305.9514100000001 1320.6044886 170.64339208504754 0.5410199165344238
98 1305.9514100000001 1318.6089034000001 146.81180753729222 0.546522855758667
99 1305.9514100000001 1318.5576579 147.36418643559637 0.5518391132354736
100 1305.9514100000001 1316.4621467999998 102.86402288412548 0.5570950508117676
101 1305.9514100000001 1315.2827982 88.44172349123853 0.5624010562896729
102 1305.9514100000001 1311.0667477999998 50.027596486954664 0.5683488845825195
103 1305.9514100000001 1307.9872311999998 16.665924093864284 0.574519157409668
104 1305.9514100000001 1306.8078210999997 9.27970754251166 0.5802838802337646
105 1305.9514100000001 1306.0450111999996 0.4292980474305438 0.5863041877746582
106 1305.9514100000001 1305.9982105999995 0.21683931987563165 0.5919439792633057
107 1305.9514100000001 1305.9982105999995 0.21683931987563165 0.5981540679931641
108 1305.9514100000001 1305.9514099999997 2.0679515313825692e-25 0.6039900779724121
109 1305.9514100000001 1305.9514099999997 2.0679515313825692e-25 0.6097311973571777
110 1305.9514100000001 1305.9514099999997 2.0679515313825692e-25 0.6154530048370361
111 1305.9514100000001 1305.9514099999997 2.0679515313825692e-25 0.6214752197265625
112 1305.9514100000001 1305.9514099999997 2.0679515313825692e-25 0.6275579929351807
113 1305.9514100000001 1305.9514099999997 2.0679515313825692e-25 0.6330900192260742
114 1305.9514100000001 1305.9514099999997 2.0679515313825692e-25 0.6391310691833496
115 1305.9514100000001 1305.9514099999997 2.0679515313825692e-25 0.6456961631774902
116 1305.9514100000001 1305.9514099999997 2.0679515313825692e-25 0.6516101360321045
117 1305.9514100000001 1305.9514099999997 2.0679515313825692e-25 0.658776044845581
118 1305.9514100000001 1305.9514099999997 2.0679515313825692e-25 0.6643002033233643
119 1305.9514100000001 1305.9514099999997 2.0679515313825692e-25 0.67030930519104
120 1305.9514100000001 1305.9514099999997 2.0679515313825692e-25 0.6770391464233398
121 1305.9514100000001 1305.9514099999997 2.0679515313825692e-25 0.6843340396881104
122 1305.9514100000001 1305.9514099999997 2.0679515313825692e-25 0.6907920837402344
123 1305.9514100000001 1305.9514099999997 2.0679515313825692e-25 0.697167158126831
124 1305.9514100000001 1305.9514099999997 2.0679515313825692e-25 0.7033710479736328
125 1305.9514100000001 1305.9514099999997 2.0679515313825692e-25 0.7093179225921631
126 1305.9514100000001 1305.9514099999997 2.0679515313825692e-25 0.7149109840393066
127 1305.9514100000001 1305.9514099999997 2.0679515313825692e-25 0.7205171585083008
128 1305.9514100000001 1305.9514099999997 2.0679515313825692e-25 0.7262530326843262
129 1305.9514100000001 1305.9514099999997 2.0679515313825692e-25 0.7321732044219971
130 1305.9514100000001 1305.9514099999997 2.0679515313825692e-25 0.7380311489105225
131 1305.9514100000001 1305.9514099999997 2.0679515313825692e-25 0.7441401481628418
132 1305.9514100000001 1305.9514099999997 2.0679515313825692e-25 0.7504241466522217
133 1305.9514100000001 1305.9514099999997 2.0679515313825692e-25 0.7568650245666504
134 1305.9514100000001 1305.9514099999997 2.0679515313825692e-25 0.7631220817565918
135 1305.9514100000001 1305.9514099999997 2.0679515313825692e-25 0.7689402103424072
136 1305.9514100000001 1305.9514099999997 2.0679515313825692e-25 0.7751970291137695
137 1305.9514100000001 1305.9514099999997 2.0679515313825692e-25 0.781306266784668
138 1305.9514100000001 1305.9514099999997 2.0679515313825692e-25 0.7872300148010254
139 1305.9514100000001 1305.9514099999997 2.0679515313825692e-25 0.7924630641937256
140 1305.9514100000001 1305.9514099999997 2.0679515313825692e-25 0.7978291511535645
141 1305.9514100000001 1305.9514099999997 2.0679515313825692e-25 0.803196907043457
142 1305.9514100000001 1305.9514099999997 2.0679515313825692e-25 0.8087420463562012
143 1305.9514100000001 1305.9514099999997 2.0679515313825692e-25 0.8146612644195557
144 1305.9514100000001 1305.9514099999997 2.0679515313825692e-25 0.8205749988555908
145 1305.9514100000001 1305.9514099999997 2.0679515313825692e-25 0.8262641429901123
146 1305.9514100000001 1305.9514099999997 2.0679515313825692e-25 0.8320109844207764
147 1305.9514100000001 1305.9514099999997 2.0679515313825692e-25 0.8375182151794434
148 1305.9514100000001 1305.9514099999997 2.0679515313825692e-25 0.8429739475250244
149 1305.9514100000001 1305.9514099999997 2.0679515313825692e-25 0.8485331535339355
150 1305.9514100000001 1305.9514099999997 2.0679515313825692e-25 0.8544111251831055
151 1305.9514100000001 1305.9514099999997 2.0679515313825692e-25 0.8602850437164307
152 1305.9514100000001 1305.9514099999997 2.0679515313825692e-25 0.8660969734191895
153 1305.9514100000001 1305.9514099999997 2.0679515313825692e-25 0.8720419406890869
154 1305.9514100000001 1305.9514099999997 2.0679515313825692e-25 0.8780219554901123
155 1305.9514100000001 1305.9514099999997 2.0679515313825692e-25 0.8837831020355225
156 1305.9514100000001 1305.9514099999997 2.0679515313825692e-25 0.8894619941711426
157 1305.9514100000001 1305.9514099999997 2.0679515313825692e-25 0.8950390815734863
158 1305.9514100000001 1305.9514099999997 2.0679515313825692e-25 0.9009401798248291
159 1305.9514100000001 1305.9514099999997 2.0679515313825692e-25 0.9070630073547363
160 1305.9514100000001 1305.9514099999997 2.0679515313825692e-25 0.9128918647766113
161 1305.9514100000001 1305.9514099999997 2.0679515313825692e-25 0.9191291332244873
162 1305.9514100000001 1305.9514099999997 2.0679515313825692e-25 0.9248483180999756
163 1305.9514100000001 1305.9514099999997 2.0679515313825692e-25 0.9307122230529785
164 1305.9514100000001 1305.9514099999997 2.0679515313825692e-25 0.9366400241851807
165 1305.9514100000001 1305.9514099999997 2.0679515313825692e-25 0.9425971508026123
166 1305.9514100000001 1305.9514099999997 2.0679515313825692e-25 0.9482340812683105
167 1305.9514100000001 1305.9514099999997 2.0679515313825692e-25 0.9539783000946045
168 1305.9514100000001 1305.9514099999997 2.0679515313825692e-25 0.9597110748291016
169 1305.9514100000001 1305.9514099999997 2.0679515313825692e-25 0.9653770923614502
170 1305.9514100000001 1305.9514099999997 2.0679515313825692e-25 0.9713521003723145
171 1305.9514100000001 1305.9514099999997 2.0679515313825692e-25 0.976917028427124
172 1305.9514100000001 1305.9514099999997 2.0679515313825692e-25 0.9824521541595459
173 1305.9514100000001 1305.9514099999997 2.0679515313825692e-25 0.9879670143127441
174 1305.9514100000001 1305.9514099999997 2.0679515313825692e-25 0.9933068752288818
175 1305.9514100000001 1305.9514099999997 2.0679515313825692e-25 0.9990761280059814
176 1305.9514100000001 1305.9514099999997 2.0679515313825692e-25 1.0049641132354736
177 1305.9514100000001 1305.9514099999997 2.0679515313825692e-25 1.0107550621032715
178 1305.9514100000001 1305.9514099999997 2.0679515313825692e-25 1.016261100769043
179 1305.9514100000001 1305.9514099999997 2.0679515313825692e-25 1.0217220783233643
180 1305.9514100000001 1305.9514099999997 2.0679515313825692e-25 1.0271050930023193
181 1305.9514100000001 1305.9514099999997 2.0679515313825692e-25 1.03236722946167
182 1305.9514100000001 1305.9514099999997 2.0679515313825692e-25 1.03780198097229
183 1305.9514100000001 1305.9514099999997 2.0679515313825692e-25 1.0433201789855957
184 1305.9514100000001 1305.9514099999997 2.0679515313825692e-25 1.0487511157989502
185 1305.9514100000001 1305.9514099999997 2.0679515313825692e-25 1.0540339946746826
186 1305.9514100000001 1305.9514099999997 2.0679515313825692e-25 1.0595362186431885
187 1305.9514100000001 1305.9514099999997 2.0679515313825692e-25 1.0648231506347656
188 1305.9514100000001 1305.9514099999997 2.0679515313825692e-25 1.0702569484710693
189 1305.9514100000001 1305.9514099999997 2.0679515313825692e-25 1.075674295425415
190 1305.9514100000001 1305.9514099999997 2.0679515313825692e-25 1.081252098083496
191 1305.9514100000001 1305.9514099999997 2.0679515313825692e-25 1.0868771076202393
192 1305.9514100000001 1305.9514099999997 2.0679515313825692e-25 1.0926542282104492
193 1305.9514100000001 1305.9514099999997 2.0679515313825692e-25 1.09787917137146
194 1305.9514100000001 1305.9514099999997 2.0679515313825692e-25 1.103135108947754
195 1305.9514100000001 1305.9514099999997 2.0679515313825692e-25 1.108496904373169
196 1305.9514100000001 1305.9514099999997 2.0679515313825692e-25 1.1136970520019531
197 1305.9514100000001 1305.9514099999997 2.0679515313825692e-25 1.1191880702972412
198 1305.9514100000001 1305.9514099999997 2.0679515313825692e-25 1.1244752407073975
199 1305.9514100000001 1305.9514099999997 2.0679515313825692e-25 1.1296641826629639
200 1305.9514100000001 1305.9514099999997 2.0679515313825692e-25 1.1348390579223633
201 1305.9514100000001 1305.9514099999997 2.0679515313825692e-25 1.1400740146636963
202 1305.9514100000001 1305.9514099999997 2.0679515313825692e-25 1.1454379558563232
203 1305.9514100000001 1305.9514099999997 2.0679515313825692e-25 1.150489091873169
204 1305.9514100000001 1305.9514099999997 2.0679515313825692e-25 1.1558949947357178
205 1305.9514100000001 1305.9514099999997 2.0679515313825692e-25 1.1613759994506836
206 1305.9514100000001 1305.9514099999997 2.0679515313825692e-25 1.1666700839996338
207 1305.9514100000001 1305.9514099999997 2.0679515313825692e-25 1.1719391345977783
208 1305.9514100000001 1305.9514099999997 2.0679515313825692e-25 1.1772091388702393
209 1305.9514100000001 1305.9514099999997 2.0679515313825692e-25 1.1824729442596436
210 1305.9514100000001 1305.9514099999997 2.0679515313825692e-25 1.1878139972686768
211 1305.9514100000001 1305.9514099999997 2.0679515313825692e-25 1.1932642459869385
212 1305.9514100000001 1305.9514099999997 2.0679515313825692e-25 1.1989200115203857
213 1305.9514100000001 1305.9514099999997 2.0679515313825692e-25 1.2042460441589355
214 1305.9514100000001 1305.9514099999997 2.0679515313825692e-25 1.2097361087799072
215 1305.9514100000001 1305.9514099999997 2.0679515313825692e-25 1.2151820659637451
216 1305.9514100000001 1305.9514099999997 2.0679515313825692e-25 1.220595121383667
217 1305.9514100000001 1305.9514099999997 2.0679515313825692e-25 1.225931167602539
218 1305.9514100000001 1305.9514099999997 2.0679515313825692e-25 1.2312710285186768
219 1305.9514100000001 1305.9514099999997 2.0679515313825692e-25 1.2366900444030762
220 1305.9514100000001 1305.9514099999997 2.0679515313825692e-25 1.241957187652588
221 1305.9514100000001 1305.9514099999997 2.0679515313825692e-25 1.2475111484527588
222 1305.9514100000001 1305.9514099999997 2.0679515313825692e-25 1.252953052520752
223 1305.9514100000001 1305.9514099999997 2.0679515313825692e-25 1.2585411071777344
224 1305.9514100000001 1305.9514099999997 2.0679515313825692e-25 1.2643468379974365
225 1305.9514100000001 1305.9514099999997 2.0679515313825692e-25 1.2698650360107422
226 1305.9514100000001 1305.9514099999997 2.0679515313825692e-25 1.2757670879364014
227 1305.9514100000001 1305.9514099999997 2.0679515313825692e-25 1.2808661460876465
228 1305.9514100000001 1305.9514099999997 2.0679515313825692e-25 1.2859251499176025
229 1305.9514100000001 1305.9514099999997 2.0679515313825692e-25 1.2911770343780518
230 1305.9514100000001 1305.9514099999997 2.0679515313825692e-25 1.2962701320648193
231 1305.9514100000001 1305.9514099999997 2.0679515313825692e-25 1.3014509677886963
232 1305.9514100000001 1305.9514099999997 2.0679515313825692e-25 1.306663990020752
233 1305.9514100000001 1305.9514099999997 2.0679515313825692e-25 1.3122172355651855
234 1305.9514100000001 1305.9514099999997 2.0679515313825692e-25 1.3175601959228516
235 1305.9514100000001 1305.9514099999997 2.0679515313825692e-25 1.3227291107177734
236 1305.9514100000001 1305.9514099999997 2.0679515313825692e-25 1.3279240131378174
237 1305.9514100000001 1305.9514099999997 2.0679515313825692e-25 1.3330769538879395
238 1305.9514100000001 1305.9514099999997 2.0679515313825692e-25 1.338341236114502
239 1305.9514100000001 1305.9514099999997 2.0679515313825692e-25 1.3438489437103271
240 1305.9514100000001 1305.9514099999997 2.0679515313825692e-25 1.3491699695587158
241 1305.9514100000001 1305.9514099999997 2.0679515313825692e-25 1.354801893234253
242 1305.9514100000001 1305.9514099999997 2.0679515313825692e-25 1.3601930141448975
243 1305.9514100000001 1305.9514099999997 2.0679515313825692e-25 1.3653860092163086
244 1305.9514100000001 1305.9514099999997 2.0679515313825692e-25 1.3705790042877197
245 1305.9514100000001 1305.9514099999997 2.0679515313825692e-25 1.375877857208252
246 1305.9514100000001 1305.9514099999997 2.0679515313825692e-25 1.38108491897583
247 1305.9514100000001 1305.9514099999997 2.0679515313825692e-25 1.3863701820373535
248 1305.9514100000001 1305.9514099999997 2.0679515313825692e-25 1.3919739723205566
249 1305.9514100000001 1305.9514099999997 2.0679515313825692e-25 1.3972702026367188
The optimum value should be 1305.95141

1305.9514100000001 1.4024760723114014

-------------------------------------------------------------------------------------------------------------------------

ROUND 3:
Generation, best, average, variance, time(s)
0 6633.722360000001 8480.9824199 832076.6017298638 0.0032889842987060547
1 2570.55317 8052.080250800001 729495.0319167707 0.009278059005737305
2 1623.7465900000002 7672.645377100001 797822.6487436157 0.015281915664672852
3 1420.7551899999999 7496.2099222 788217.6215359528 0.020975828170776367
4 1420.7551899999999 7292.870420500001 791951.222371973 0.027126789093017578
5 1420.7551899999999 7078.4587667999995 662580.2576086329 0.032598018646240234
6 1383.9904999999999 6938.0103587 673249.2246653112 0.03802084922790527
7 1383.9904999999999 6668.681390300001 600435.4924638242 0.04384589195251465
8 1383.9904999999999 6554.6391662999995 547309.4707521518 0.049431800842285156
9 1383.9904999999999 6474.5102553 548360.617268067 0.055008888244628906
10 1383.9904999999999 5540.845016399999 555374.7227894623 0.06042885780334473
11 1331.19137 5520.580655000001 535752.6796275039 0.06589484214782715
12 1324.64119 5489.058001199999 523648.37700201495 0.07158684730529785
13 1314.73895 5258.2815585 490101.1274660772 0.07696890830993652
14 1314.73895 5244.7512096 475161.13373152085 0.08233880996704102
15 1314.73895 5007.215095999999 462668.0939776923 0.08791303634643555
16 1314.73895 4982.1547064 455105.39474190475 0.09362483024597168
17 1314.73895 4962.443110499999 452548.80512004136 0.09920001029968262
18 1314.73895 4945.686626399999 444193.583239538 0.10551691055297852
19 1314.73895 4932.829049999999 438612.6233111878 0.11120796203613281
20 1314.73895 4366.5456742999995 422805.70564085373 0.11669778823852539
21 1314.73895 4351.605977099999 403837.77456404513 0.12274003028869629
22 1314.73895 4210.997313600001 371503.5461233698 0.12865686416625977
23 1314.73895 4203.1642710999995 359660.38050570816 0.13473176956176758
24 1314.73895 4192.2750086999995 342447.2405979554 0.14084887504577637
25 1314.73895 4187.437513100001 338569.92286732205 0.14675378799438477
26 1314.73895 4180.3328401 337294.29824866436 0.15211200714111328
27 1314.73895 4163.126042100001 329624.12721526565 0.15767407417297363
28 1314.73895 4146.475576000001 318657.6967925995 0.16315984725952148
29 1314.73895 4146.475576000001 318657.6967925995 0.1688830852508545
30 1314.73895 4137.068677200001 308324.5181006283 0.17491579055786133
31 1314.73895 4122.152970900001 315634.89509965334 0.18053197860717773
32 1314.73895 4103.642748800001 300359.87257678807 0.18600201606750488
33 1314.73895 4093.4509076000004 290467.52344416716 0.19130873680114746
34 1314.73895 4085.593405100001 285754.25689509144 0.19737792015075684
35 1314.73895 3924.5139553000004 294907.8379671073 0.2028188705444336
36 1314.73895 3478.7176509 278610.0625276845 0.2079629898071289
37 1314.73895 3474.4150575999997 277368.0814333338 0.21375584602355957
38 1314.73895 3394.0082039 254887.20595912848 0.21903491020202637
39 1314.73895 3379.8274568999996 227837.75393898913 0.2241969108581543
40 1314.73895 3367.477787 228781.04992020398 0.22939085960388184
41 1314.73895 3358.6985090999997 223895.25406756424 0.23515987396240234
42 1314.5171300000002 3282.7321491000002 205086.8815136307 0.24041104316711426
43 1305.9514100000001 3274.5363338 202103.01870608813 0.24581193923950195
44 1305.9514100000001 3195.6159832000003 210363.18579042566 0.25110697746276855
45 1305.9514100000001 3187.7025492000002 208119.41831392143 0.257235050201416
46 1305.9514100000001 3187.7025492000002 208119.41831392143 0.26282715797424316
47 1305.9514100000001 3184.2487870000004 204601.1730031899 0.26845288276672363
48 1305.9514100000001 3184.1737902000004 204524.26808339648 0.27408790588378906
49 1305.9514100000001 3181.2848901000007 202549.41005365792 0.27953100204467773
50 1305.9514100000001 3080.7435371000006 185021.29216150817 0.28471994400024414
51 1305.9514100000001 3076.1062257 180866.06357454025 0.2904369831085205
52 1305.9514100000001 3076.1062257 180866.06357454025 0.29601383209228516
53 1305.9514100000001 3071.0176151000005 177226.01577287057 0.30149412155151367
54 1305.9514100000001 3070.9652925 177163.2021958223 0.30712199211120605
55 1305.9514100000001 2785.5420659000006 171015.18250312793 0.31211400032043457
56 1305.9514100000001 2784.0965288000007 170180.95160085813 0.3177480697631836
57 1305.9514100000001 2782.5948092 168594.40621614753 0.323261022567749
58 1305.9514100000001 2664.683936 156069.14621070656 0.32854294776916504
59 1305.9514100000001 2645.6391369000003 145103.3703231572 0.3340129852294922
60 1305.9514100000001 2637.1204322 136076.92025463755 0.3394129276275635
61 1305.9514100000001 2425.972742 123652.04703864094 0.3442659378051758
62 1305.9514100000001 2425.6646594 123664.36074321845 0.34928083419799805
63 1305.9514100000001 2425.4614060000004 123661.60536398937 0.3547637462615967
64 1305.9514100000001 2424.215044 123519.43949375885 0.36026883125305176
65 1305.9514100000001 2245.2675056000003 119918.56972366135 0.3653130531311035
66 1305.9514100000001 2231.8794697000003 117736.08353453623 0.370527982711792
67 1305.9514100000001 2212.6494271 106595.48533892806 0.37554287910461426
68 1305.9514100000001 2203.1629742000005 99084.29833372851 0.38083791732788086
69 1305.9514100000001 2191.4811682 94054.92266189722 0.38606691360473633
70 1305.9514100000001 2131.0951463 84592.2271108584 0.391185998916626
71 1305.9514100000001 1974.744898 72417.5796688777 0.39598798751831055
72 1305.9514100000001 1970.7925162 68866.42017548921 0.4015510082244873
73 1305.9514100000001 1951.6631065 63423.3362993671 0.40686893463134766
74 1305.9514100000001 1950.6185151 63323.95680009836 0.4121890068054199
75 1305.9514100000001 1948.6441721 63554.008287332 0.4174678325653076
76 1305.9514100000001 1895.8021754000001 49691.787994187354 0.4224369525909424
77 1305.9514100000001 1883.3874388 48545.25674262554 0.4273087978363037
78 1305.9514100000001 1783.4026207000002 41370.42676007978 0.43210887908935547
79 1305.9514100000001 1777.6662278000001 39305.03982231308 0.43733787536621094
80 1305.9514100000001 1768.3349334000002 40201.862896483726 0.44275474548339844
81 1305.9514100000001 1728.5928628000004 34837.98993573307 0.44776105880737305
82 1305.9514100000001 1645.3718712000002 26363.938694602573 0.4524810314178467
83 1305.9514100000001 1635.3179509000004 22640.865928181232 0.45758914947509766
84 1305.9514100000001 1575.8611998000001 22612.863928690207 0.4623141288757324
85 1305.9514100000001 1525.2014259999999 16050.5070683458 0.46710681915283203
86 1305.9514100000001 1519.0204985999997 15549.89970814565 0.472182035446167
87 1305.9514100000001 1495.9840689000002 13031.074989324687 0.47713279724121094
88 1305.9514100000001 1459.2443474000002 9234.332998151303 0.481975793838501
89 1305.9514100000001 1439.8901824999996 7266.914037212583 0.4866189956665039
90 1305.9514100000001 1424.5682951999997 6327.2680661270415 0.49121594429016113
91 1305.9514100000001 1407.7457903999994 4871.313650735015 0.49603700637817383
92 1305.9514100000001 1395.5013534999994 3996.374834008295 0.5007529258728027
93 1305.9514100000001 1382.4762426999996 3480.9490658772993 0.5054678916931152
94 1305.9514100000001 1373.4197337999994 2698.1444087435143 0.5101819038391113
95 1305.9514100000001 1368.0003251999997 2552.7312911939794 0.5150070190429688
96 1305.9514100000001 1359.8817356999998 1859.6650340365543 0.520043134689331
97 1305.9514100000001 1355.1833401 1731.452195389342 0.5252959728240967
98 1305.9514100000001 1351.4929846999999 1470.2032208151775 0.5303959846496582
99 1305.9514100000001 1347.0585787 1130.8649617407134 0.5355038642883301
100 1305.9514100000001 1341.1762007 989.4383125457548 0.5402829647064209
101 1305.9514100000001 1336.4197172000004 830.3715914992986 0.5450799465179443
102 1305.9514100000001 1332.0463948000001 591.015332917327 0.5505509376525879
103 1305.9514100000001 1326.9030538 538.427041627906 0.5562698841094971
104 1305.9514100000001 1324.5482116000003 491.1465493386814 0.5615928173065186
105 1305.9514100000001 1322.2400710000002 464.0640128149846 0.567378044128418
106 1305.9514100000001 1318.7229671000002 339.9690929529289 0.5731821060180664
107 1305.9514100000001 1316.0727172000002 224.05369233144427 0.578665018081665
108 1305.9514100000001 1315.0593932000002 203.6075176730381 0.5845980644226074
109 1305.9514100000001 1314.5723401999996 197.99394240011637 0.590059757232666
110 1305.9514100000001 1313.1914551999998 163.00667922025997 0.5959587097167969
111 1305.9514100000001 1312.3872238 109.52824451688075 0.6012208461761475
112 1305.9514100000001 1312.1840287 107.97358305916053 0.6066508293151855
113 1305.9514100000001 1311.3706866999999 96.3501557906414 0.6119880676269531
114 1305.9514100000001 1310.9303720999999 91.23406120886195 0.6173820495605469
115 1305.9514100000001 1310.3730507999996 82.11547480515071 0.6226980686187744
116 1305.9514100000001 1308.9498550999997 42.146782854134614 0.6281061172485352
117 1305.9514100000001 1308.3201461999997 31.0341787382052 0.6335098743438721
118 1305.9514100000001 1307.9259370999996 28.45691893951624 0.6391949653625488
119 1305.9514100000001 1307.9259370999996 28.45691893951624 0.6447048187255859
120 1305.9514100000001 1307.8012558999997 27.379206191059833 0.6502549648284912
121 1305.9514100000001 1307.8012558999997 27.379206191059833 0.6556789875030518
122 1305.9514100000001 1307.4400267999997 16.150020979883408 0.6613011360168457
123 1305.9514100000001 1307.3932261999996 16.068137386507207 0.6671278476715088
124 1305.9514100000001 1307.3932261999996 16.068137386507207 0.6727900505065918
125 1305.9514100000001 1307.3932261999996 16.068137386507207 0.6783950328826904
126 1305.9514100000001 1307.2081023999997 13.140613420227917 0.6841690540313721
127 1305.9514100000001 1307.2081023999997 13.140613420227917 0.6895098686218262
128 1305.9514100000001 1306.9392162999998 8.592901375065056 0.6951260566711426
129 1305.9514100000001 1306.8513408999997 7.986578444093961 0.7006239891052246
130 1305.9514100000001 1306.8513408999997 7.986578444093961 0.70589280128479
131 1305.9514100000001 1306.8513408999997 7.986578444093961 0.7113709449768066
132 1305.9514100000001 1306.7634654999995 7.364811341272549 0.7166848182678223
133 1305.9514100000001 1306.7634654999995 7.364811341272549 0.7220349311828613
134 1305.9514100000001 1306.7606714999995 7.298888802810578 0.7272498607635498
135 1305.9514100000001 1306.7606714999995 7.298888802810578 0.732576847076416
136 1305.9514100000001 1306.7138708999994 7.15341673812802 0.7379658222198486
137 1305.9514100000001 1306.7138708999994 7.15341673812802 0.7432498931884766
138 1305.9514100000001 1306.6670702999995 7.003564081124748 0.7486491203308105
139 1305.9514100000001 1306.6670702999995 7.003564081124748 0.7540969848632812
140 1305.9514100000001 1306.6670702999995 7.003564081124748 0.7594797611236572
141 1305.9514100000001 1306.6670702999995 7.003564081124748 0.7650759220123291
142 1305.9514100000001 1306.6670702999995 7.003564081124748 0.770744800567627
143 1305.9514100000001 1306.6670702999995 7.003564081124748 0.776374101638794
144 1305.9514100000001 1306.6670702999995 7.003564081124748 0.781898021697998
145 1305.9514100000001 1306.6670702999995 7.003564081124748 0.7874917984008789
146 1305.9514100000001 1306.6670702999995 7.003564081124748 0.7930419445037842
147 1305.9514100000001 1306.6670702999995 7.003564081124748 0.7984058856964111
148 1305.9514100000001 1306.6670702999995 7.003564081124748 0.8038489818572998
149 1305.9514100000001 1306.6670702999995 7.003564081124748 0.8090488910675049
150 1305.9514100000001 1306.6670702999995 7.003564081124748 0.8143000602722168
151 1305.9514100000001 1306.6670702999995 7.003564081124748 0.8196430206298828
152 1305.9514100000001 1306.4545136999996 4.9358716573071755 0.8249969482421875
153 1305.9514100000001 1306.4545136999996 4.9358716573071755 0.8302350044250488
154 1305.9514100000001 1306.3666382999995 4.244361856624005 0.835472822189331
155 1305.9514100000001 1306.3666382999995 4.244361856624005 0.8410429954528809
156 1305.9514100000001 1306.3666382999995 4.244361856624005 0.8462700843811035
157 1305.9514100000001 1306.3666382999995 4.244361856624005 0.8514308929443359
158 1305.9514100000001 1306.3666382999995 4.244361856624005 0.8566880226135254
159 1305.9514100000001 1306.3666382999995 4.244361856624005 0.8619720935821533
160 1305.9514100000001 1306.3666382999995 4.244361856624005 0.8672749996185303
161 1305.9514100000001 1306.3666382999995 4.244361856624005 0.8730130195617676
162 1305.9514100000001 1306.3666382999995 4.244361856624005 0.8782789707183838
163 1305.9514100000001 1306.3666382999995 4.244361856624005 0.8834729194641113
164 1305.9514100000001 1306.3666382999995 4.244361856624005 0.8889980316162109
165 1305.9514100000001 1306.2518419999997 3.0086979617519334 0.8947489261627197
166 1305.9514100000001 1306.2518419999997 3.0086979617519334 0.900566816329956
167 1305.9514100000001 1306.2518419999997 3.0086979617519334 0.9062900543212891
168 1305.9514100000001 1306.1639665999996 2.281568447656407 0.9118437767028809
169 1305.9514100000001 1306.1639665999996 2.281568447656407 0.9174959659576416
170 1305.9514100000001 1306.1639665999996 2.281568447656407 0.9229238033294678
171 1305.9514100000001 1306.1639665999996 2.281568447656407 0.9284801483154297
172 1305.9514100000001 1306.1639665999996 2.281568447656407 0.934161901473999
173 1305.9514100000001 1306.0392853999997 0.7644865065908061 0.9401519298553467
174 1305.9514100000001 1306.0392853999997 0.7644865065908061 0.9455649852752686
175 1305.9514100000001 1306.0392853999997 0.7644865065908061 0.9515929222106934
176 1305.9514100000001 1306.0392853999997 0.7644865065908061 0.9572160243988037
177 1305.9514100000001 1306.0392853999997 0.7644865065908061 0.9626169204711914
178 1305.9514100000001 1306.0392853999997 0.7644865065908061 0.9682798385620117
179 1305.9514100000001 1306.0392853999997 0.7644865065908061 0.9740328788757324
180 1305.9514100000001 1306.0392853999997 0.7644865065908061 0.9796350002288818
181 1305.9514100000001 1306.0392853999997 0.7644865065908061 0.9853048324584961
182 1305.9514100000001 1306.0392853999997 0.7644865065908061 0.990576982498169
183 1305.9514100000001 1306.0392853999997 0.7644865065908061 0.9959869384765625
184 1305.9514100000001 1306.0392853999997 0.7644865065908061 1.0019688606262207
185 1305.9514100000001 1306.0392853999997 0.7644865065908061 1.0079917907714844
186 1305.9514100000001 1306.0392853999997 0.7644865065908061 1.0141451358795166
187 1305.9514100000001 1306.0392853999997 0.7644865065908061 1.0204708576202393
188 1305.9514100000001 1306.0392853999997 0.7644865065908061 1.026317834854126
189 1305.9514100000001 1306.0392853999997 0.7644865065908061 1.0318880081176758
190 1305.9514100000001 1306.0392853999997 0.7644865065908061 1.0377459526062012
191 1305.9514100000001 1306.0392853999997 0.7644865065908061 1.0438728332519531
192 1305.9514100000001 1306.0392853999997 0.7644865065908061 1.049421787261963
193 1305.9514100000001 1306.0392853999997 0.7644865065908061 1.0549359321594238
194 1305.9514100000001 1306.0392853999997 0.7644865065908061 1.0607059001922607
195 1305.9514100000001 1306.0392853999997 0.7644865065908061 1.0665340423583984
196 1305.9514100000001 1306.0392853999997 0.7644865065908061 1.0720438957214355
197 1305.9514100000001 1306.0392853999997 0.7644865065908061 1.0772597789764404
198 1305.9514100000001 1306.0392853999997 0.7644865065908061 1.0826420783996582
199 1305.9514100000001 1306.0392853999997 0.7644865065908061 1.0880017280578613
200 1305.9514100000001 1306.0392853999997 0.7644865065908061 1.093308925628662
201 1305.9514100000001 1306.0392853999997 0.7644865065908061 1.0988359451293945
202 1305.9514100000001 1306.0392853999997 0.7644865065908061 1.1042671203613281
203 1305.9514100000001 1306.0392853999997 0.7644865065908061 1.1097397804260254
204 1305.9514100000001 1306.0392853999997 0.7644865065908061 1.1154189109802246
205 1305.9514100000001 1306.0392853999997 0.7644865065908061 1.12111496925354
206 1305.9514100000001 1306.0392853999997 0.7644865065908061 1.1269137859344482
207 1305.9514100000001 1306.0392853999997 0.7644865065908061 1.1326358318328857
208 1305.9514100000001 1306.0392853999997 0.7644865065908061 1.1381797790527344
209 1305.9514100000001 1306.0392853999997 0.7644865065908061 1.143496036529541
210 1305.9514100000001 1306.0392853999997 0.7644865065908061 1.1488559246063232
211 1305.9514100000001 1306.0392853999997 0.7644865065908061 1.154219150543213
212 1305.9514100000001 1306.0392853999997 0.7644865065908061 1.1595048904418945
213 1305.9514100000001 1306.0392853999997 0.7644865065908061 1.164815902709961
214 1305.9514100000001 1306.0392853999997 0.7644865065908061 1.1702837944030762
215 1305.9514100000001 1306.0392853999997 0.7644865065908061 1.175682783126831
216 1305.9514100000001 1306.0392853999997 0.7644865065908061 1.1808059215545654
217 1305.9514100000001 1306.0392853999997 0.7644865065908061 1.1858787536621094
218 1305.9514100000001 1306.0392853999997 0.7644865065908061 1.1909699440002441
219 1305.9514100000001 1306.0392853999997 0.7644865065908061 1.1960749626159668
220 1305.9514100000001 1306.0392853999997 0.7644865065908061 1.201145887374878
221 1305.9514100000001 1306.0392853999997 0.7644865065908061 1.2063629627227783
222 1305.9514100000001 1306.0392853999997 0.7644865065908061 1.2115840911865234
223 1305.9514100000001 1306.0392853999997 0.7644865065908061 1.2170019149780273
224 1305.9514100000001 1306.0392853999997 0.7644865065908061 1.2220768928527832
225 1305.9514100000001 1306.0392853999997 0.7644865065908061 1.2271058559417725
226 1305.9514100000001 1306.0392853999997 0.7644865065908061 1.2321758270263672
227 1305.9514100000001 1306.0392853999997 0.7644865065908061 1.237339973449707
228 1305.9514100000001 1306.0392853999997 0.7644865065908061 1.2424757480621338
229 1305.9514100000001 1306.0392853999997 0.7644865065908061 1.2482037544250488
230 1305.9514100000001 1306.0392853999997 0.7644865065908061 1.2533469200134277
231 1305.9514100000001 1306.0392853999997 0.7644865065908061 1.2585198879241943
232 1305.9514100000001 1306.0392853999997 0.7644865065908061 1.263624906539917
233 1305.9514100000001 1306.0392853999997 0.7644865065908061 1.2686779499053955
234 1305.9514100000001 1306.0392853999997 0.7644865065908061 1.2738518714904785
235 1305.9514100000001 1305.9514099999997 2.0679515313825692e-25 1.2789208889007568
236 1305.9514100000001 1305.9514099999997 2.0679515313825692e-25 1.2841448783874512
237 1305.9514100000001 1305.9514099999997 2.0679515313825692e-25 1.2893340587615967
238 1305.9514100000001 1305.9514099999997 2.0679515313825692e-25 1.2944059371948242
239 1305.9514100000001 1305.9514099999997 2.0679515313825692e-25 1.2994539737701416
240 1305.9514100000001 1305.9514099999997 2.0679515313825692e-25 1.3044970035552979
241 1305.9514100000001 1305.9514099999997 2.0679515313825692e-25 1.309520959854126
242 1305.9514100000001 1305.9514099999997 2.0679515313825692e-25 1.3145480155944824
243 1305.9514100000001 1305.9514099999997 2.0679515313825692e-25 1.31961989402771
244 1305.9514100000001 1305.9514099999997 2.0679515313825692e-25 1.3250038623809814
245 1305.9514100000001 1305.9514099999997 2.0679515313825692e-25 1.3302209377288818
246 1305.9514100000001 1305.9514099999997 2.0679515313825692e-25 1.335331916809082
247 1305.9514100000001 1305.9514099999997 2.0679515313825692e-25 1.3404529094696045
248 1305.9514100000001 1305.9514099999997 2.0679515313825692e-25 1.3454909324645996
249 1305.9514100000001 1305.9514099999997 2.0679515313825692e-25 1.3505239486694336
The optimum value should be 1305.95141

1305.9514100000001 1.3554749488830566

