INSTANCE: MO1

TOTAL GENERATION IS: 250

-------------------------------------------------------------------------------------------------------------------------

ROUND 1:
Generation, best, average, variance, time(s)
0 6679.11983 8541.851382100002 697572.5375319239 0.004708051681518555
1 2919.3303899999996 8267.676252300002 560515.7950066779 0.01355123519897461
2 2174.6977300000003 7489.9471493 772309.2678052081 0.02162909507751465
3 2129.9560300000003 6737.689410100001 736136.4653045253 0.028815031051635742
4 1534.4857000000002 6683.999803800001 718017.0150586438 0.03578019142150879
5 1472.0676899999999 6628.8413931 769211.3612395747 0.042765140533447266
6 1472.0676899999999 6471.807798400001 697108.9348731962 0.0504612922668457
7 1472.0676899999999 6414.693719999999 651564.6849714019 0.058190107345581055
8 1472.0676899999999 6386.5181367000005 638441.3828963721 0.06625819206237793
9 1472.0676899999999 6383.9650975 638160.744107909 0.07405209541320801
10 1472.0676899999999 6353.828794000001 619069.3568817743 0.08213400840759277
11 1472.0676899999999 6333.136055800001 604932.0773593594 0.09002208709716797
12 1472.0676899999999 6317.1078914 604435.5456736594 0.09813404083251953
13 1472.0676899999999 6313.701152400001 600933.5628663027 0.1062462329864502
14 1472.0676899999999 6305.758900499999 592571.6170379659 0.11440801620483398
15 1472.0676899999999 6303.535451000001 591446.1941080904 0.12171792984008789
16 1472.0676899999999 6300.611683 586678.4198590957 0.1297621726989746
17 1472.0676899999999 6300.1199424999995 585905.387376585 0.1375751495361328
18 1472.0676899999999 6300.1199424999995 585905.387376585 0.14563703536987305
19 1472.0676899999999 6300.1199424999995 585905.387376585 0.15324020385742188
20 1472.0676899999999 6300.1199424999995 585905.387376585 0.1607961654663086
21 1472.0676899999999 6300.1199424999995 585905.387376585 0.16889119148254395
22 1472.0676899999999 6300.1199424999995 585905.387376585 0.17695307731628418
23 1472.0676899999999 6300.1199424999995 585905.387376585 0.18504595756530762
24 1472.0676899999999 6300.1199424999995 585905.387376585 0.19256210327148438
25 1472.0676899999999 6300.1199424999995 585905.387376585 0.20082616806030273
26 1472.0676899999999 6300.1199424999995 585905.387376585 0.20911002159118652
27 1472.0676899999999 6300.1199424999995 585905.387376585 0.2165670394897461
28 1472.0676899999999 6300.1199424999995 585905.387376585 0.2240769863128662
29 1472.0676899999999 6300.1199424999995 585905.387376585 0.2322249412536621
30 1472.0676899999999 6300.1199424999995 585905.387376585 0.240828275680542
31 1472.0676899999999 6300.1199424999995 585905.387376585 0.24884510040283203
32 1472.0676899999999 6300.1199424999995 585905.387376585 0.2572641372680664
33 1472.0676899999999 6300.1199424999995 585905.387376585 0.26512718200683594
34 1472.0676899999999 6300.1199424999995 585905.387376585 0.273029088973999
35 1472.0676899999999 6298.414679899999 582683.7568472999 0.2808821201324463
36 1472.0676899999999 6298.414679899999 582683.7568472999 0.2883930206298828
37 1472.0676899999999 6298.414679899999 582683.7568472999 0.2969651222229004
38 1472.0676899999999 6298.414679899999 582683.7568472999 0.3044562339782715
39 1472.0676899999999 6294.1640945 577159.6984179843 0.3130500316619873
40 1472.0676899999999 6290.6180805 569910.4535434272 0.32120490074157715
41 1472.0676899999999 6290.6180805 569910.4535434272 0.3286409378051758
42 1472.0676899999999 6290.6180805 569910.4535434272 0.3368408679962158
43 1472.0676899999999 6290.6180805 569910.4535434272 0.34431910514831543
44 1472.0676899999999 6290.6180805 569910.4535434272 0.352694034576416
45 1472.0676899999999 6290.6180805 569910.4535434272 0.36014318466186523
46 1472.0676899999999 6290.6180805 569910.4535434272 0.36759495735168457
47 1472.0676899999999 6290.6180805 569910.4535434272 0.3750011920928955
48 1472.0676899999999 6289.433829899999 567716.6111765242 0.38341307640075684
49 1472.0676899999999 6289.433829899999 567716.6111765242 0.39101219177246094
50 1472.0676899999999 6289.433829899999 567716.6111765242 0.39847803115844727
51 1472.0676899999999 6289.433829899999 567716.6111765242 0.4060821533203125
52 1472.0676899999999 6289.433829899999 567716.6111765242 0.4137561321258545
53 1472.0676899999999 6289.433829899999 567716.6111765242 0.42234015464782715
54 1472.0676899999999 6289.433829899999 567716.6111765242 0.43105006217956543
55 1472.0676899999999 6289.433829899999 567716.6111765242 0.43951892852783203
56 1472.0676899999999 6289.433829899999 567716.6111765242 0.44763803482055664
57 1472.0676899999999 6289.433829899999 567716.6111765242 0.45574307441711426
58 1472.0676899999999 6289.433829899999 567716.6111765242 0.4638509750366211
59 1472.0676899999999 6289.433829899999 567716.6111765242 0.47231411933898926
60 1472.0676899999999 6289.433829899999 567716.6111765242 0.48042798042297363
61 1472.0676899999999 6289.433829899999 567716.6111765242 0.48782801628112793
62 1472.0676899999999 6289.433829899999 567716.6111765242 0.4960792064666748
63 1472.0676899999999 6289.433829899999 567716.6111765242 0.5035419464111328
64 1472.0676899999999 6289.433829899999 567716.6111765242 0.5110671520233154
65 1472.0676899999999 6289.433829899999 567716.6111765242 0.5192282199859619
66 1472.0676899999999 6289.433829899999 567716.6111765242 0.5273590087890625
67 1472.0676899999999 6289.433829899999 567716.6111765242 0.5355498790740967
68 1472.0676899999999 6289.433829899999 567716.6111765242 0.5429880619049072
69 1472.0676899999999 6289.433829899999 567716.6111765242 0.5515520572662354
70 1472.0676899999999 6288.3295218 565733.9326831001 0.5596160888671875
71 1472.0676899999999 6288.3295218 565733.9326831001 0.5676772594451904
72 1472.0676899999999 6283.316155899999 558960.2548365623 0.5756709575653076
73 1472.0676899999999 6281.534774300001 557706.9270979639 0.5840051174163818
74 1472.0676899999999 6281.534774300001 557706.9270979639 0.5916581153869629
75 1472.0676899999999 6280.5062373 555531.633519671 0.5996541976928711
76 1472.0676899999999 6280.5062373 555531.633519671 0.6068952083587646
77 1472.0676899999999 6279.1512343 552985.6247679818 0.6140780448913574
78 1472.0676899999999 6279.1512343 552985.6247679818 0.6213359832763672
79 1472.0676899999999 6279.1512343 552985.6247679818 0.6298291683197021
80 1472.0676899999999 6272.7951486 545197.9783072387 0.6373000144958496
81 1472.0676899999999 6272.7951486 545197.9783072387 0.6452600955963135
82 1472.0676899999999 6270.7750642 542239.5385894035 0.6532342433929443
83 1472.0676899999999 6264.032076899999 534422.8881922008 0.6604890823364258
84 1472.0676899999999 6263.0953637 533330.8019433907 0.6689181327819824
85 1472.0676899999999 6263.0953637 533330.8019433907 0.6769311428070068
86 1472.0676899999999 6263.0953637 533330.8019433907 0.6846261024475098
87 1472.0676899999999 6263.0953637 533330.8019433907 0.6924412250518799
88 1472.0676899999999 6260.955233500001 531592.679189965 0.7013070583343506
89 1472.0676899999999 6260.955233500001 531592.679189965 0.7097480297088623
90 1472.0676899999999 6260.955233500001 531592.679189965 0.7173559665679932
91 1472.0676899999999 6258.7541218 528530.5391360924 0.7247850894927979
92 1472.0676899999999 6257.812628799999 526937.1467708136 0.7323288917541504
93 1472.0676899999999 6256.804133499999 525425.0478784867 0.7403860092163086
94 1472.0676899999999 6256.804133499999 525425.0478784867 0.7482302188873291
95 1472.0676899999999 6252.3881079 524443.6659573235 0.7558720111846924
96 1472.0676899999999 6249.403824800001 526514.712180393 0.7632691860198975
97 1472.0676899999999 6246.2133146999995 522070.40727676405 0.7716071605682373
98 1472.0676899999999 6242.154046299999 515523.4714479335 0.7801189422607422
99 1472.0676899999999 6242.154046299999 515523.4714479335 0.7887139320373535
100 1472.0676899999999 6239.5179468 513676.7101765473 0.797003984451294
101 1472.0676899999999 6235.4881784 513321.304494947 0.8051340579986572
102 1472.0676899999999 6235.4881784 513321.304494947 0.8134379386901855
103 1472.0676899999999 6235.4881784 513321.304494947 0.8217320442199707
104 1472.0676899999999 6234.4574711 511567.5553844432 0.8302261829376221
105 1472.0676899999999 6229.492627199998 504820.14047038683 0.8386039733886719
106 1472.0676899999999 6228.434899299999 503925.1115953169 0.8477129936218262
107 1472.0676899999999 6227.985399699999 503260.8518559978 0.8557281494140625
108 1472.0676899999999 6223.951945299999 497971.64671001735 0.8635671138763428
109 1472.0676899999999 6217.744898399999 491471.5059591144 0.8715231418609619
110 1472.0676899999999 6214.931111199999 489324.487799974 0.8792300224304199
111 1472.0676899999999 6213.2421343 486746.2307412061 0.8868999481201172
112 1472.0676899999999 6213.2421343 486746.2307412061 0.8945600986480713
113 1472.0676899999999 6212.3864145 485567.0096210265 0.902224063873291
114 1472.0676899999999 6212.3864145 485567.0096210265 0.9100370407104492
115 1472.0676899999999 6212.3864145 485567.0096210265 0.9177699089050293
116 1472.0676899999999 6212.3864145 485567.0096210265 0.9254410266876221
117 1472.0676899999999 6212.3864145 485567.0096210265 0.9331161975860596
118 1472.0676899999999 6212.3864145 485567.0096210265 0.9408309459686279
119 1472.0676899999999 6212.3864145 485567.0096210265 0.9487431049346924
120 1472.0676899999999 6212.3864145 485567.0096210265 0.9564499855041504
121 1472.0676899999999 6212.3864145 485567.0096210265 0.964116096496582
122 1472.0676899999999 6212.3864145 485567.0096210265 0.971796989440918
123 1472.0676899999999 6212.3864145 485567.0096210265 0.9794192314147949
124 1472.0676899999999 6212.3864145 485567.0096210265 0.9873149394989014
125 1472.0676899999999 6212.3864145 485567.0096210265 0.9949800968170166
126 1472.0676899999999 6212.3864145 485567.0096210265 1.0026371479034424
127 1472.0676899999999 6212.3864145 485567.0096210265 1.0103600025177002
128 1472.0676899999999 6212.3864145 485567.0096210265 1.0180480480194092
129 1472.0676899999999 6212.3864145 485567.0096210265 1.0259881019592285
130 1472.0676899999999 6212.3864145 485567.0096210265 1.0336649417877197
131 1472.0676899999999 6212.3864145 485567.0096210265 1.0413329601287842
132 1472.0676899999999 6212.3864145 485567.0096210265 1.0489919185638428
133 1472.0676899999999 6212.3864145 485567.0096210265 1.0570039749145508
134 1472.0676899999999 6212.3864145 485567.0096210265 1.0656611919403076
135 1472.0676899999999 6212.3864145 485567.0096210265 1.0735371112823486
136 1472.0676899999999 6212.3864145 485567.0096210265 1.0812909603118896
137 1472.0676899999999 6212.3864145 485567.0096210265 1.0889739990234375
138 1472.0676899999999 6212.3864145 485567.0096210265 1.0966670513153076
139 1472.0676899999999 6212.3864145 485567.0096210265 1.1044809818267822
140 1472.0676899999999 6212.3864145 485567.0096210265 1.112173080444336
141 1472.0676899999999 6212.3864145 485567.0096210265 1.1199240684509277
142 1472.0676899999999 6212.3864145 485567.0096210265 1.1277999877929688
143 1472.0676899999999 6212.3864145 485567.0096210265 1.135822057723999
144 1472.0676899999999 6212.3864145 485567.0096210265 1.1439480781555176
145 1472.0676899999999 6212.3864145 485567.0096210265 1.1520581245422363
146 1472.0676899999999 6212.3864145 485567.0096210265 1.1600501537322998
147 1472.0676899999999 6212.3864145 485567.0096210265 1.1679441928863525
148 1472.0676899999999 6212.3864145 485567.0096210265 1.1759741306304932
149 1472.0676899999999 6212.3864145 485567.0096210265 1.183962106704712
150 1472.0676899999999 6212.3864145 485567.0096210265 1.1917130947113037
151 1472.0676899999999 6212.3864145 485567.0096210265 1.1995220184326172
152 1472.0676899999999 6212.3864145 485567.0096210265 1.2073900699615479
153 1472.0676899999999 6212.3864145 485567.0096210265 1.2150671482086182
154 1472.0676899999999 6212.3864145 485567.0096210265 1.2229430675506592
155 1472.0676899999999 6212.3864145 485567.0096210265 1.230665922164917
156 1472.0676899999999 6212.3864145 485567.0096210265 1.2384271621704102
157 1472.0676899999999 6212.3864145 485567.0096210265 1.2460911273956299
158 1472.0676899999999 6212.3864145 485567.0096210265 1.2538070678710938
159 1472.0676899999999 6212.3864145 485567.0096210265 1.26170015335083
160 1472.0676899999999 6212.3864145 485567.0096210265 1.2698941230773926
161 1472.0676899999999 6212.3864145 485567.0096210265 1.2781870365142822
162 1472.0676899999999 6212.3864145 485567.0096210265 1.2862331867218018
163 1472.0676899999999 6212.3864145 485567.0096210265 1.2941100597381592
164 1472.0676899999999 6212.3864145 485567.0096210265 1.3025400638580322
165 1472.0676899999999 6212.3864145 485567.0096210265 1.3104190826416016
166 1472.0676899999999 6212.3864145 485567.0096210265 1.3181860446929932
167 1472.0676899999999 6212.3864145 485567.0096210265 1.3259251117706299
168 1472.0676899999999 6212.3864145 485567.0096210265 1.3336291313171387
169 1472.0676899999999 6212.3864145 485567.0096210265 1.3415579795837402
170 1472.0676899999999 6212.3864145 485567.0096210265 1.349405288696289
171 1472.0676899999999 6212.3864145 485567.0096210265 1.3570821285247803
172 1472.0676899999999 6212.3864145 485567.0096210265 1.3648231029510498
173 1472.0676899999999 6212.3864145 485567.0096210265 1.3725199699401855
174 1472.0676899999999 6212.3864145 485567.0096210265 1.3804311752319336
175 1472.0676899999999 6212.3864145 485567.0096210265 1.3881561756134033
176 1472.0676899999999 6212.3864145 485567.0096210265 1.3958840370178223
177 1472.0676899999999 6212.3864145 485567.0096210265 1.4038829803466797
178 1472.0676899999999 6212.3864145 485567.0096210265 1.411794900894165
179 1472.0676899999999 6212.3864145 485567.0096210265 1.4201462268829346
180 1472.0676899999999 6212.3864145 485567.0096210265 1.4281690120697021
181 1472.0676899999999 6212.3864145 485567.0096210265 1.4361600875854492
182 1472.0676899999999 6212.3864145 485567.0096210265 1.444082260131836
183 1472.0676899999999 6212.3864145 485567.0096210265 1.451807975769043
184 1472.0676899999999 6212.3864145 485567.0096210265 1.4596879482269287
185 1472.0676899999999 6212.3864145 485567.0096210265 1.4674532413482666
186 1472.0676899999999 6212.3864145 485567.0096210265 1.4751169681549072
187 1472.0676899999999 6212.3864145 485567.0096210265 1.4827661514282227
188 1472.0676899999999 6212.3864145 485567.0096210265 1.4904792308807373
189 1472.0676899999999 6212.3864145 485567.0096210265 1.4983150959014893
190 1472.0676899999999 6212.3864145 485567.0096210265 1.5060300827026367
191 1472.0676899999999 6212.3864145 485567.0096210265 1.5138969421386719
192 1472.0676899999999 6212.3864145 485567.0096210265 1.5216271877288818
193 1472.0676899999999 6212.3864145 485567.0096210265 1.529292106628418
194 1472.0676899999999 6212.3864145 485567.0096210265 1.5371551513671875
195 1472.0676899999999 6212.3864145 485567.0096210265 1.5448920726776123
196 1472.0676899999999 6212.3864145 485567.0096210265 1.5525500774383545
197 1472.0676899999999 6212.3864145 485567.0096210265 1.5602092742919922
198 1472.0676899999999 6212.3864145 485567.0096210265 1.5678231716156006
199 1472.0676899999999 6212.3864145 485567.0096210265 1.5757648944854736
200 1472.0676899999999 6212.3864145 485567.0096210265 1.5835471153259277
201 1472.0676899999999 6212.3864145 485567.0096210265 1.591421127319336
202 1472.0676899999999 6212.3864145 485567.0096210265 1.5993320941925049
203 1472.0676899999999 6212.3864145 485567.0096210265 1.6073992252349854
204 1472.0676899999999 6212.3864145 485567.0096210265 1.6158971786499023
205 1472.0676899999999 6212.3864145 485567.0096210265 1.6241860389709473
206 1472.0676899999999 6212.3864145 485567.0096210265 1.632378101348877
207 1472.0676899999999 6212.3864145 485567.0096210265 1.6406190395355225
208 1472.0676899999999 6212.3864145 485567.0096210265 1.6488299369812012
209 1472.0676899999999 6212.3864145 485567.0096210265 1.6571691036224365
210 1472.0676899999999 6212.3864145 485567.0096210265 1.6655220985412598
211 1472.0676899999999 6212.3864145 485567.0096210265 1.6740872859954834
212 1472.0676899999999 6212.3864145 485567.0096210265 1.6835062503814697
213 1472.0676899999999 6212.3864145 485567.0096210265 1.6924049854278564
214 1472.0676899999999 6212.3864145 485567.0096210265 1.7011971473693848
215 1472.0676899999999 6212.3864145 485567.0096210265 1.709758996963501
216 1472.0676899999999 6212.3864145 485567.0096210265 1.7180721759796143
217 1472.0676899999999 6212.3864145 485567.0096210265 1.7263338565826416
218 1472.0676899999999 6212.3864145 485567.0096210265 1.734875202178955
219 1472.0676899999999 6212.3864145 485567.0096210265 1.7430651187896729
220 1472.0676899999999 6212.3864145 485567.0096210265 1.7512640953063965
221 1472.0676899999999 6212.3864145 485567.0096210265 1.7594060897827148
222 1472.0676899999999 6212.3864145 485567.0096210265 1.767618179321289
223 1472.0676899999999 6212.3864145 485567.0096210265 1.7760090827941895
224 1472.0676899999999 6212.3864145 485567.0096210265 1.7842521667480469
225 1472.0676899999999 6212.3864145 485567.0096210265 1.7925481796264648
226 1472.0676899999999 6212.3864145 485567.0096210265 1.8007550239562988
227 1472.0676899999999 6212.3864145 485567.0096210265 1.8089301586151123
228 1472.0676899999999 6212.3864145 485567.0096210265 1.8172709941864014
229 1472.0676899999999 6212.3864145 485567.0096210265 1.8255441188812256
230 1472.0676899999999 6212.3864145 485567.0096210265 1.8337862491607666
231 1472.0676899999999 6212.3864145 485567.0096210265 1.8420331478118896
232 1472.0676899999999 6212.3864145 485567.0096210265 1.8501949310302734
233 1472.0676899999999 6212.3864145 485567.0096210265 1.8585600852966309
234 1472.0676899999999 6212.3864145 485567.0096210265 1.8667309284210205
235 1472.0676899999999 6212.3864145 485567.0096210265 1.8749041557312012
236 1472.0676899999999 6212.3864145 485567.0096210265 1.8831071853637695
237 1472.0676899999999 6212.3864145 485567.0096210265 1.8912451267242432
238 1472.0676899999999 6212.3864145 485567.0096210265 1.8996920585632324
239 1472.0676899999999 6212.3864145 485567.0096210265 1.908123254776001
240 1472.0676899999999 6212.3864145 485567.0096210265 1.9163720607757568
241 1472.0676899999999 6212.3864145 485567.0096210265 1.9246940612792969
242 1472.0676899999999 6212.3864145 485567.0096210265 1.932983160018921
243 1472.0676899999999 6212.3864145 485567.0096210265 1.9414620399475098
244 1472.0676899999999 6212.3864145 485567.0096210265 1.9497160911560059
245 1472.0676899999999 6212.3864145 485567.0096210265 1.9579041004180908
246 1472.0676899999999 6212.3864145 485567.0096210265 1.966137170791626
247 1472.0676899999999 6212.3864145 485567.0096210265 1.9743220806121826
248 1472.0676899999999 6212.3864145 485567.0096210265 1.982734203338623
249 1472.0676899999999 6212.3864145 485567.0096210265 1.9909722805023193
The optimum value should be 1305.95141

1472.0676899999999 1.999117136001587

-------------------------------------------------------------------------------------------------------------------------

ROUND 2:
Generation, best, average, variance, time(s)
0 6533.707599999999 8421.545994600001 681674.8281934984 0.0033631324768066406
1 3100.3900000000003 7976.793908699998 440414.8340290769 0.013044118881225586
2 3100.3900000000003 7710.388834999999 560557.7361651319 0.022803068161010742
3 3100.3900000000003 7647.439114199999 500335.73427336477 0.03212118148803711
4 3100.3900000000003 7520.0757415 431659.6465809824 0.04120826721191406
5 3100.3900000000003 7450.225920199999 430815.60541242384 0.050315141677856445
6 3100.3900000000003 7434.237153599998 421974.8547030921 0.05793428421020508
7 3100.3900000000003 7350.696218099999 359684.8626671628 0.0679318904876709
8 2916.85486 7337.709953399999 357026.9436998955 0.07544517517089844
9 2507.5534399999997 7310.781366299999 360350.1018542468 0.08494210243225098
10 2352.2111099999997 7152.406625999998 416282.5991459927 0.09353923797607422
11 2352.2111099999997 7005.970963499999 418460.50005161314 0.10382294654846191
12 2352.2111099999997 6967.516128599998 393191.66382119956 0.11347007751464844
13 2352.2111099999997 6952.350493099999 387122.7064109532 0.12245893478393555
14 2352.2111099999997 6919.1759593 374082.066627419 0.13211297988891602
15 2352.2111099999997 6907.685460499999 371114.02868286223 0.1419661045074463
16 2352.2111099999997 6901.450091499999 373729.0817837927 0.1511828899383545
17 2352.2111099999997 6889.473301999999 377279.85771950963 0.16072511672973633
18 2352.2111099999997 6888.082492899999 375131.37709418585 0.17023611068725586
19 2352.2111099999997 6881.497995899999 378383.6899825092 0.17799901962280273
20 2352.2111099999997 6859.0403943 382554.14490417315 0.18790006637573242
21 2352.2111099999997 6852.9056027999995 380437.61229317874 0.19785404205322266
22 2352.2111099999997 6844.898073499999 377529.4301846916 0.20753216743469238
23 2352.2111099999997 6819.783668100001 370130.3165050753 0.21655511856079102
24 2352.2111099999997 6799.9371052 370238.4761349314 0.22568821907043457
25 2352.2111099999997 6771.1189441 356600.88604845986 0.2355642318725586
26 2352.2111099999997 6769.0345523 357381.9438607338 0.24516892433166504
27 2352.2111099999997 6764.4895311 353876.62909074017 0.2530372142791748
28 2352.2111099999997 6764.4895311 353876.62909074017 0.26277804374694824
29 2352.2111099999997 6759.6394406 348423.02861474385 0.2723250389099121
30 2352.2111099999997 6752.9785168 344930.70133855584 0.2821352481842041
31 2352.2111099999997 6739.8708649 349333.7461758246 0.2919502258300781
32 2352.2111099999997 6719.1792954 352766.642585993 0.301616907119751
33 2352.2111099999997 6719.1792954 352766.642585993 0.3111839294433594
34 2352.2111099999997 6698.1268905 344407.7680875227 0.32007813453674316
35 2352.2111099999997 6691.841020299999 346114.3031602725 0.32950830459594727
36 2352.2111099999997 6673.431917299999 352208.2646896902 0.33849000930786133
37 2352.2111099999997 6671.455926400001 351937.15643361193 0.34813404083251953
38 2352.2111099999997 6668.0490389 349151.9551222152 0.3578770160675049
39 2352.2111099999997 6664.652081300001 344272.3706301568 0.3676021099090576
40 2352.2111099999997 6660.6912819 343578.9462992924 0.37722086906433105
41 2352.2111099999997 6648.8942172 333509.8032430599 0.3869588375091553
42 2352.2111099999997 6648.8942172 333509.8032430599 0.39673805236816406
43 2352.2111099999997 6644.6452778 331427.8856292176 0.40683698654174805
44 2352.2111099999997 6641.589420299999 328401.60591132997 0.41476893424987793
45 2352.2111099999997 6640.5595079999985 327723.7279534402 0.422558069229126
46 2352.2111099999997 6640.5595079999985 327723.7279534402 0.432750940322876
47 2352.2111099999997 6625.3235086 328803.4107723315 0.44254612922668457
48 2352.2111099999997 6625.3235086 328803.4107723315 0.4526050090789795
49 2352.2111099999997 6618.4547514999995 329355.5848673445 0.4624199867248535
50 2352.2111099999997 6618.4547514999995 329355.5848673445 0.47156405448913574
51 2352.2111099999997 6618.4547514999995 329355.5848673445 0.48076915740966797
52 2352.2111099999997 6582.876989399999 322170.0921039057 0.4896409511566162
53 2352.2111099999997 6576.585763199999 317661.2793915485 0.49947500228881836
54 2352.2111099999997 6576.585763199999 317661.2793915485 0.5087990760803223
55 2352.2111099999997 6574.748005899999 314602.0406384506 0.5186812877655029
56 2352.2111099999997 6574.748005899999 314602.0406384506 0.5264580249786377
57 2352.2111099999997 6569.862548199999 313851.6550701016 0.5360772609710693
58 2352.2111099999997 6557.0465379 322204.1936939379 0.5458109378814697
59 2352.2111099999997 6552.0483887 322792.6720511412 0.555027961730957
60 2352.2111099999997 6544.072351399999 318225.03900465416 0.563014030456543
61 2352.2111099999997 6540.845936899999 316832.6241566252 0.5722880363464355
62 2352.2111099999997 6537.276817199999 316905.24478671444 0.5815181732177734
63 2352.2111099999997 6537.276817199999 316905.24478671444 0.5913040637969971
64 2352.2111099999997 6534.239685399999 316345.45220233593 0.6011531352996826
65 2352.2111099999997 6529.239488899999 315927.53862146725 0.6098959445953369
66 2352.2111099999997 6524.932764699998 314518.93021316885 0.6201961040496826
67 1930.59052 6519.232255299999 312211.7142461732 0.6295151710510254
68 1930.59052 6485.194609599999 350326.82046471693 0.6386282444000244
69 1930.59052 6475.0781676999995 345728.25500226737 0.6483879089355469
70 1930.59052 6469.049674699999 341627.2839140689 0.6573581695556641
71 1930.59052 6465.511586899999 339138.1154658091 0.6650440692901611
72 1930.59052 6452.289687699999 329200.7063844461 0.6749289035797119
73 1930.59052 6451.933764899998 328794.8104546318 0.6843180656433105
74 1930.59052 6451.933764899998 328794.8104546318 0.694817066192627
75 1930.59052 6449.4520287999985 326692.39278664795 0.705488920211792
76 1930.59052 6449.4520287999985 326692.39278664795 0.7136740684509277
77 1930.59052 6449.4520287999985 326692.39278664795 0.7214651107788086
78 1930.59052 6449.4520287999985 326692.39278664795 0.7314870357513428
79 1930.59052 6449.4520287999985 326692.39278664795 0.7408871650695801
80 1930.59052 6449.4520287999985 326692.39278664795 0.7507731914520264
81 1930.59052 6445.525471199999 324315.00045320665 0.7601301670074463
82 1930.59052 6442.331096 322660.05595320254 0.7694621086120605
83 1930.59052 6441.444364899999 321226.63282956346 0.7791299819946289
84 1930.59052 6438.1986086 319419.44294471736 0.7888860702514648
85 1930.59052 6437.079403799999 319061.7913276738 0.7986729145050049
86 1930.59052 6435.8887737000005 318773.7926554141 0.8083300590515137
87 1930.59052 6427.5552038999995 317470.0334151223 0.8184049129486084
88 1930.59052 6427.5552038999995 317470.0334151223 0.8285651206970215
89 1930.59052 6427.5552038999995 317470.0334151223 0.8383262157440186
90 1930.59052 6427.324327799999 317218.30885737075 0.8489470481872559
91 1930.59052 6423.6737625 314500.33890470973 0.8591780662536621
92 1930.59052 6421.6382016 312513.5331774197 0.8676071166992188
93 1930.59052 6421.6382016 312513.5331774197 0.8779900074005127
94 1930.59052 6421.3288109000005 312155.51665018755 0.887397050857544
95 1930.59052 6418.645789300001 311827.69653962745 0.8967540264129639
96 1930.59052 6418.645789300001 311827.69653962745 0.9047811031341553
97 1930.59052 6418.645789300001 311827.69653962745 0.9140100479125977
98 1930.59052 6418.645789300001 311827.69653962745 0.9237241744995117
99 1930.59052 6418.645789300001 311827.69653962745 0.9329302310943604
100 1930.59052 6410.038625499999 314383.0488229976 0.943356990814209
101 1930.59052 6410.038625499999 314383.0488229976 0.9533860683441162
102 1930.59052 6409.3027902 313567.504536237 0.9634811878204346
103 1930.59052 6409.3027902 313567.504536237 0.9729859828948975
104 1930.59052 6406.941917000001 311514.1081735808 0.9825990200042725
105 1930.59052 6406.869426500001 311535.6306591022 0.9919300079345703
106 1930.59052 6396.0770078000005 306115.7001814095 1.001162052154541
107 1930.59052 6394.946525300001 305173.89733947127 1.0104010105133057
108 1930.59052 6394.946525300001 305173.89733947127 1.019869089126587
109 1930.59052 6391.554695900001 304932.89489614754 1.0291001796722412
110 1930.59052 6388.676871800001 301066.2115205866 1.038450002670288
111 1930.59052 6388.676871800001 301066.2115205866 1.047982931137085
112 1930.59052 6382.9850566000005 298806.74720790493 1.057739019393921
113 1930.59052 6381.599414900001 298049.1197036846 1.067655086517334
114 1930.59052 6381.599414900001 298049.1197036846 1.0771989822387695
115 1930.59052 6381.599414900001 298049.1197036846 1.0868260860443115
116 1930.59052 6370.469389600002 290670.8696149615 1.0967199802398682
117 1930.59052 6365.864062900001 294672.92993710306 1.1066720485687256
118 1930.59052 6357.4531446 299528.3130738056 1.1161880493164062
119 1930.59052 6357.4531446 299528.3130738056 1.125669002532959
120 1930.59052 6357.4531446 299528.3130738056 1.1356470584869385
121 1930.59052 6357.4531446 299528.3130738056 1.145456075668335
122 1930.59052 6357.4531446 299528.3130738056 1.1551969051361084
123 1930.59052 6357.4531446 299528.3130738056 1.1648941040039062
124 1930.59052 6357.4531446 299528.3130738056 1.1747169494628906
125 1930.59052 6357.4531446 299528.3130738056 1.184473991394043
126 1930.59052 6351.198604000001 298054.71434116625 1.1941070556640625
127 1930.59052 6351.198604000001 298054.71434116625 1.203970193862915
128 1930.59052 6351.198604000001 298054.71434116625 1.2138161659240723
129 1930.59052 6348.960272600001 297492.624418088 1.2235021591186523
130 1930.59052 6347.1840003 295575.8305821282 1.2330949306488037
131 1930.59052 6347.1840003 295575.8305821282 1.2427761554718018
132 1930.59052 6334.8837122 304440.1776375262 1.2526659965515137
133 1930.59052 6334.8837122 304440.1776375262 1.2622971534729004
134 1930.59052 6334.8837122 304440.1776375262 1.271941900253296
135 1930.59052 6334.8837122 304440.1776375262 1.2816410064697266
136 1930.59052 6327.391280400001 299086.71421657247 1.2912800312042236
137 1930.59052 6315.954981100001 314603.82260915934 1.3008630275726318
138 1930.59052 6315.954981100001 314603.82260915934 1.3104150295257568
139 1930.59052 6310.5633036 310704.4868387445 1.3200960159301758
140 1930.59052 6310.5633036 310704.4868387445 1.3298718929290771
141 1930.59052 6310.5633036 310704.4868387445 1.3395850658416748
142 1930.59052 6310.4820698 310661.26992046536 1.3491401672363281
143 1930.59052 6310.4820698 310661.26992046536 1.3587651252746582
144 1930.59052 6310.4820698 310661.26992046536 1.3687188625335693
145 1930.59052 6307.422232999999 312030.1633770884 1.3782641887664795
146 1930.59052 6307.422232999999 312030.1633770884 1.3881008625030518
147 1930.59052 6307.422232999999 312030.1633770884 1.3979060649871826
148 1930.59052 6305.515386 310868.7071006819 1.4081742763519287
149 1930.59052 6303.6251732 310348.83019127056 1.4182920455932617
150 1930.59052 6301.5909513999995 310230.6751532323 1.4284639358520508
151 1930.59052 6294.883082300001 311886.95867396076 1.4385108947753906
152 1930.59052 6294.883082300001 311886.95867396076 1.4485371112823486
153 1930.59052 6293.038938500001 310582.86386732175 1.4582149982452393
154 1930.59052 6292.5326411000015 310167.9107707268 1.4678752422332764
155 1930.59052 6289.5953033000005 308871.0857870921 1.4774999618530273
156 1930.59052 6287.590682000001 307344.5956856351 1.4874119758605957
157 1930.59052 6287.590682000001 307344.5956856351 1.4969980716705322
158 1930.59052 6281.318331200001 307498.412185294 1.5065219402313232
159 1930.59052 6281.318331200001 307498.412185294 1.5160789489746094
160 1930.59052 6276.770700600001 304839.07009959925 1.5259320735931396
161 1930.59052 6273.919813900001 302983.2936256168 1.535654067993164
162 1930.59052 6273.4369518 302938.64901464013 1.545173168182373
163 1930.59052 6273.4369518 302938.64901464013 1.5549211502075195
164 1930.59052 6273.4369518 302938.64901464013 1.5645971298217773
165 1930.59052 6273.4369518 302938.64901464013 1.5741488933563232
166 1930.59052 6272.962857600001 302686.64823895984 1.583693265914917
167 1930.59052 6271.568786000002 301787.80298669485 1.5934128761291504
168 1930.59052 6271.568786000002 301787.80298669485 1.6033401489257812
169 1930.59052 6271.568786000002 301787.80298669485 1.6131799221038818
170 1930.59052 6271.568786000002 301787.80298669485 1.6229970455169678
171 1930.59052 6268.816977900001 301194.00648064143 1.632775068283081
172 1930.59052 6268.816977900001 301194.00648064143 1.6425869464874268
173 1930.59052 6268.816977900001 301194.00648064143 1.6521720886230469
174 1930.59052 6268.816977900001 301194.00648064143 1.661937952041626
175 1930.59052 6251.877673400001 307915.3536005991 1.6719920635223389
176 1930.59052 6245.451304600001 303326.17746405373 1.682276964187622
177 1930.59052 6245.3063216 303261.6142443212 1.6926281452178955
178 1930.59052 6245.3063216 303261.6142443212 1.702286958694458
179 1930.59052 6239.304538 307012.198554286 1.7121002674102783
180 1930.59052 6239.304538 307012.198554286 1.7220230102539062
181 1930.59052 6239.304538 307012.198554286 1.7320399284362793
182 1930.59052 6237.7843967 306991.16798419884 1.7419390678405762
183 1930.59052 6237.7843967 306991.16798419884 1.7516412734985352
184 1930.59052 6236.0793873 305146.71677601105 1.761667251586914
185 1930.59052 6236.0793873 305146.71677601105 1.7713689804077148
186 1930.59052 6230.969909900001 305741.7476968317 1.781130075454712
187 1930.59052 6230.969909900001 305741.7476968317 1.7908802032470703
188 1930.59052 6230.969909900001 305741.7476968317 1.8007612228393555
189 1930.59052 6230.969909900001 305741.7476968317 1.810499906539917
190 1930.59052 6230.969909900001 305741.7476968317 1.8202650547027588
191 1930.59052 6225.2119438 303778.05036092043 1.8299150466918945
192 1930.59052 6220.6119139 300003.24433226074 1.8396711349487305
193 1930.59052 6218.3979984 299067.83236120996 1.849325180053711
194 1930.59052 6214.295322499999 295875.3084858525 1.858978033065796
195 1930.59052 6214.295322499999 295875.3084858525 1.868530035018921
196 1930.59052 6209.212213299999 295942.37348235556 1.8783700466156006
197 1930.59052 6209.212213299999 295942.37348235556 1.8880410194396973
198 1930.59052 6209.212213299999 295942.37348235556 1.8976540565490723
199 1930.59052 6209.212213299999 295942.37348235556 1.9072530269622803
200 1930.59052 6203.171001000001 295362.3509158459 1.916952133178711
201 1930.59052 6203.171001000001 295362.3509158459 1.9265649318695068
202 1930.59052 6203.171001000001 295362.3509158459 1.9364721775054932
203 1930.59052 6191.9975015 302975.8201092207 1.9519381523132324
204 1930.59052 6191.9975015 302975.8201092207 1.9635300636291504
205 1930.59052 6191.9975015 302975.8201092207 1.9752860069274902
206 1930.59052 6191.9975015 302975.8201092207 1.9861798286437988
207 1930.59052 6191.9975015 302975.8201092207 1.9965770244598389
208 1930.59052 6189.3412671 302316.75772579195 2.0088672637939453
209 1930.59052 6189.3412671 302316.75772579195 2.0204150676727295
210 1930.59052 6189.3412671 302316.75772579195 2.0311241149902344
211 1930.59052 6189.3412671 302316.75772579195 2.0418930053710938
212 1930.59052 6189.3412671 302316.75772579195 2.0526769161224365
213 1930.59052 6185.7243815 302199.26995558845 2.0634729862213135
214 1930.59052 6185.0389597 301354.57806358853 2.073945999145508
215 1930.59052 6185.0389597 301354.57806358853 2.0846128463745117
216 1930.59052 6180.3221509 303604.1090385289 2.095855951309204
217 1930.59052 6171.5349578 307049.3570762127 2.107448101043701
218 1930.59052 6171.5349578 307049.3570762127 2.118824005126953
219 1930.59052 6170.3703526 306214.6833930898 2.1296920776367188
220 1930.59052 6170.3703526 306214.6833930898 2.141139030456543
221 1930.59052 6170.3703526 306214.6833930898 2.151747941970825
222 1930.59052 6170.3703526 306214.6833930898 2.161971092224121
223 1930.59052 6170.3703526 306214.6833930898 2.1722450256347656
224 1930.59052 6167.2558015 304477.4347040754 2.1828999519348145
225 1930.59052 6167.2558015 304477.4347040754 2.1932590007781982
226 1930.59052 6167.2558015 304477.4347040754 2.203806161880493
227 1930.59052 6167.2558015 304477.4347040754 2.2148799896240234
228 1930.59052 6167.2558015 304477.4347040754 2.2254202365875244
229 1930.59052 6167.2558015 304477.4347040754 2.2359671592712402
230 1930.59052 6167.2558015 304477.4347040754 2.246500253677368
231 1930.59052 6163.2541973 302020.0150662252 2.2566680908203125
232 1930.59052 6161.0469358 301139.6264421611 2.2672080993652344
233 1930.59052 6156.9110003999995 299357.8820837307 2.2774770259857178
234 1930.59052 6152.8898512999995 296049.7896885628 2.2876291275024414
235 1930.59052 6152.8898512999995 296049.7896885628 2.297877073287964
236 1930.59052 6152.8898512999995 296049.7896885628 2.3080310821533203
237 1930.59052 6152.8898512999995 296049.7896885628 2.318495988845825
238 1930.59052 6152.8898512999995 296049.7896885628 2.3288841247558594
239 1930.59052 6152.8898512999995 296049.7896885628 2.33929705619812
240 1930.59052 6152.8898512999995 296049.7896885628 2.349842071533203
241 1930.59052 6152.8898512999995 296049.7896885628 2.3608479499816895
242 1930.59052 6152.8898512999995 296049.7896885628 2.3716511726379395
243 1930.59052 6148.3866974 294450.15296586877 2.3821582794189453
244 1930.59052 6147.3407291 294653.2143610974 2.3928022384643555
245 1930.59052 6147.293647199999 294595.78592196124 2.403700113296509
246 1930.59052 6147.293647199999 294595.78592196124 2.414222240447998
247 1930.59052 6147.293647199999 294595.78592196124 2.4243311882019043
248 1930.59052 6147.293647199999 294595.78592196124 2.4351041316986084
249 1930.59052 6147.293647199999 294595.78592196124 2.4456799030303955
The optimum value should be 1305.95141

1930.59052 2.456233024597168

-------------------------------------------------------------------------------------------------------------------------

ROUND 3:
Generation, best, average, variance, time(s)
0 6780.900720000001 8591.9265098 547873.6321513993 0.0038068294525146484
1 3059.31979 8250.435266699998 607255.3459387898 0.011883020401000977
2 3059.31979 7907.571656499998 779661.8721348036 0.021890878677368164
3 2750.25868 7813.76553 759858.7849951268 0.03045797348022461
4 2144.226 7272.170262899999 796509.867901777 0.03833794593811035
5 2057.08185 6631.156025799998 803520.3000626718 0.04721188545227051
6 1666.6005999999998 6106.300422899999 898421.270741317 0.05617809295654297
7 1666.6005999999998 6066.279154499998 878161.1128156919 0.06555700302124023
8 1666.6005999999998 6039.317296099999 840156.3379187374 0.0752418041229248
9 1666.6005999999998 6031.949887799999 830420.8244048925 0.08306097984313965
10 1666.6005999999998 6023.587718799999 818275.9231841443 0.09243488311767578
11 1666.6005999999998 6023.587718799999 818275.9231841443 0.10312795639038086
12 1666.6005999999998 6023.587718799999 818275.9231841443 0.1119539737701416
13 1666.6005999999998 6010.044249499999 799070.3250177375 0.12166690826416016
14 1666.6005999999998 6002.575824299999 789005.4374246016 0.12970995903015137
15 1666.6005999999998 6001.438834799999 786903.2064520902 0.1382901668548584
16 1666.6005999999998 6001.438834799999 786903.2064520902 0.14837288856506348
17 1666.6005999999998 6001.438834799999 786903.2064520902 0.1576681137084961
18 1666.6005999999998 6001.438834799999 786903.2064520902 0.1653289794921875
19 1666.6005999999998 6001.438834799999 786903.2064520902 0.17333483695983887
20 1666.6005999999998 6001.438834799999 786903.2064520902 0.18248891830444336
21 1666.6005999999998 6001.438834799999 786903.2064520902 0.19150209426879883
22 1666.6005999999998 6000.986210499999 786474.5954532628 0.19937801361083984
23 1666.6005999999998 5990.4464504 763835.6554659716 0.2089250087738037
24 1666.6005999999998 5990.4464504 763835.6554659716 0.21839404106140137
25 1666.6005999999998 5990.4464504 763835.6554659716 0.22768807411193848
26 1666.6005999999998 5990.4464504 763835.6554659716 0.2382488250732422
27 1666.6005999999998 5986.16497 753427.5638872369 0.2481379508972168
28 1666.6005999999998 5986.16497 753427.5638872369 0.2577240467071533
29 1666.6005999999998 5986.16497 753427.5638872369 0.26651787757873535
30 1666.6005999999998 5986.16497 753427.5638872369 0.2750890254974365
31 1666.6005999999998 5986.16497 753427.5638872369 0.2840397357940674
32 1666.6005999999998 5986.16497 753427.5638872369 0.2927219867706299
33 1666.6005999999998 5986.16497 753427.5638872369 0.30089306831359863
34 1666.6005999999998 5986.16497 753427.5638872369 0.31061792373657227
35 1666.6005999999998 5986.16497 753427.5638872369 0.3200700283050537
36 1666.6005999999998 5984.671957299999 751763.7975561443 0.3297760486602783
37 1666.6005999999998 5969.858267899999 723007.1862402153 0.3399930000305176
38 1666.6005999999998 5948.4845412 699916.4729802576 0.34927892684936523
39 1666.6005999999998 5942.4492749 687952.6369275904 0.35965776443481445
40 1666.6005999999998 5937.8587601 679389.1244572572 0.3692500591278076
41 1666.6005999999998 5937.247802000001 678090.5079493795 0.37752294540405273
42 1666.6005999999998 5932.7577322 670953.8839399532 0.385498046875
43 1666.6005999999998 5931.0511145 667634.5995111916 0.39609479904174805
44 1666.6005999999998 5924.8007640999995 658640.7071128137 0.4038388729095459
45 1666.6005999999998 5922.6626037999995 657389.358243417 0.4127228260040283
46 1666.6005999999998 5920.0778544999985 652233.137361124 0.42299413681030273
47 1666.6005999999998 5917.6495325000005 646056.6036267738 0.43202805519104004
48 1666.6005999999998 5917.6495325000005 646056.6036267738 0.44045209884643555
49 1666.6005999999998 5912.387050399999 634842.142783786 0.4495370388031006
50 1666.6005999999998 5912.387050399999 634842.142783786 0.45873093605041504
51 1666.6005999999998 5900.796453299999 624470.4774793526 0.4688379764556885
52 1666.6005999999998 5894.127232999999 615611.2279944576 0.47777891159057617
53 1666.6005999999998 5894.127232999999 615611.2279944576 0.4869821071624756
54 1666.6005999999998 5890.0555743999985 615248.9726403791 0.4953019618988037
55 1666.6005999999998 5887.418992099998 612385.5420066894 0.5049130916595459
56 1666.6005999999998 5887.418992099998 612385.5420066894 0.5126478672027588
57 1666.6005999999998 5887.418992099998 612385.5420066894 0.5229108333587646
58 1666.6005999999998 5887.418992099998 612385.5420066894 0.5313889980316162
59 1666.6005999999998 5887.418992099998 612385.5420066894 0.5419309139251709
60 1666.6005999999998 5887.418992099998 612385.5420066894 0.5521559715270996
61 1666.6005999999998 5887.418992099998 612385.5420066894 0.5621128082275391
62 1666.6005999999998 5887.418992099998 612385.5420066894 0.5723328590393066
63 1666.6005999999998 5887.418992099998 612385.5420066894 0.5810079574584961
64 1666.6005999999998 5887.210108799998 612086.6790858863 0.5899407863616943
65 1666.6005999999998 5885.381562 608824.8911755754 0.5997049808502197
66 1666.6005999999998 5885.381562 608824.8911755754 0.6095490455627441
67 1666.6005999999998 5885.381562 608824.8911755754 0.6185331344604492
68 1666.6005999999998 5885.381562 608824.8911755754 0.626460075378418
69 1666.6005999999998 5885.381562 608824.8911755754 0.6364200115203857
70 1666.6005999999998 5885.381562 608824.8911755754 0.6448900699615479
71 1666.6005999999998 5879.874643799999 605332.8789321162 0.6547629833221436
72 1666.6005999999998 5879.874643799999 605332.8789321162 0.6644079685211182
73 1666.6005999999998 5878.788332199998 605398.8686205591 0.6733191013336182
74 1666.6005999999998 5878.788332199998 605398.8686205591 0.6816401481628418
75 1666.6005999999998 5878.788332199998 605398.8686205591 0.6912269592285156
76 1666.6005999999998 5878.788332199998 605398.8686205591 0.698638916015625
77 1666.6005999999998 5878.788332199998 605398.8686205591 0.7064309120178223
78 1666.6005999999998 5876.2112185999995 598849.0801599794 0.7135651111602783
79 1666.6005999999998 5874.012251599998 594300.1011622286 0.7212719917297363
80 1666.6005999999998 5874.012251599998 594300.1011622286 0.7288937568664551
81 1666.6005999999998 5856.3257871000005 573191.5835677799 0.7387869358062744
82 1666.6005999999998 5856.3257871000005 573191.5835677799 0.7484011650085449
83 1666.6005999999998 5855.5606468999995 572418.8066365782 0.7570269107818604
84 1666.6005999999998 5855.5606468999995 572418.8066365782 0.7659969329833984
85 1666.6005999999998 5855.5606468999995 572418.8066365782 0.7760727405548096
86 1666.6005999999998 5855.5606468999995 572418.8066365782 0.7844247817993164
87 1666.6005999999998 5855.5606468999995 572418.8066365782 0.7933957576751709
88 1666.6005999999998 5855.080943100001 571726.1134331439 0.802764892578125
89 1666.6005999999998 5855.080943100001 571726.1134331439 0.8105709552764893
90 1666.6005999999998 5855.080943100001 571726.1134331439 0.8206639289855957
91 1666.6005999999998 5854.3139001 570627.910404973 0.8294618129730225
92 1666.6005999999998 5849.335365599999 566227.3347502359 0.8376901149749756
93 1666.6005999999998 5849.335365599999 566227.3347502359 0.8451759815216064
94 1666.6005999999998 5849.335365599999 566227.3347502359 0.8553588390350342
95 1666.6005999999998 5849.1863843 565828.0456208165 0.8637399673461914
96 1666.6005999999998 5849.1863843 565828.0456208165 0.8716719150543213
97 1666.6005999999998 5849.1863843 565828.0456208165 0.8797979354858398
98 1666.6005999999998 5849.1863843 565828.0456208165 0.887495756149292
99 1666.6005999999998 5849.1863843 565828.0456208165 0.8948400020599365
100 1666.6005999999998 5846.3297735 568018.910298579 0.9050428867340088
101 1666.6005999999998 5846.3297735 568018.910298579 0.9143867492675781
102 1666.6005999999998 5846.3297735 568018.910298579 0.9224469661712646
103 1666.6005999999998 5846.3297735 568018.910298579 0.9300451278686523
104 1666.6005999999998 5846.3297735 568018.910298579 0.9382340908050537
105 1666.6005999999998 5844.0637714 564207.4447214961 0.9475069046020508
106 1666.6005999999998 5844.0637714 564207.4447214961 0.9555649757385254
107 1666.6005999999998 5844.0637714 564207.4447214961 0.9634490013122559
108 1666.6005999999998 5844.0637714 564207.4447214961 0.9716289043426514
109 1666.6005999999998 5838.8706592 556139.3406417917 0.9797191619873047
110 1666.6005999999998 5835.561541599999 552634.7120376547 0.9875359535217285
111 1666.6005999999998 5835.561541599999 552634.7120376547 0.9952919483184814
112 1666.6005999999998 5835.561541599999 552634.7120376547 1.0029239654541016
113 1666.6005999999998 5835.561541599999 552634.7120376547 1.0103158950805664
114 1666.6005999999998 5835.561541599999 552634.7120376547 1.0179200172424316
115 1666.6005999999998 5824.5375991 534861.4940056187 1.0265388488769531
116 1666.6005999999998 5809.270075099999 523175.83580009075 1.0350770950317383
117 1666.6005999999998 5803.341611299999 515911.75951392355 1.0435590744018555
118 1666.6005999999998 5787.2912228000005 496641.37525490706 1.052049160003662
119 1666.6005999999998 5783.408085 492707.49166252615 1.0607740879058838
120 1666.6005999999998 5776.539710200001 483846.1171206017 1.0693349838256836
121 1666.6005999999998 5767.8634266 475121.1786166832 1.0779139995574951
122 1666.6005999999998 5767.3067435 474888.0566019568 1.0864019393920898
123 1666.6005999999998 5750.352110499999 480930.86849339417 1.095041036605835
124 1666.6005999999998 5742.678372100001 473354.0131547997 1.1038508415222168
125 1666.6005999999998 5728.5182886 470320.3962624845 1.1124930381774902
126 1666.6005999999998 5725.0572872 467379.66550314875 1.121196985244751
127 1666.6005999999998 5719.1037905 457092.29908870027 1.1297671794891357
128 1666.6005999999998 5717.087243200001 456421.19219505246 1.1383850574493408
129 1666.6005999999998 5715.5273095 453604.3821355801 1.1471939086914062
130 1666.6005999999998 5713.833526400001 450497.30649468466 1.1558129787445068
131 1666.6005999999998 5708.2301217 446615.8925995704 1.1644840240478516
132 1666.6005999999998 5708.2301217 446615.8925995704 1.1731538772583008
133 1666.6005999999998 5708.1011366 446481.3938339044 1.1818809509277344
134 1666.6005999999998 5708.1011366 446481.3938339044 1.1904149055480957
135 1666.6005999999998 5707.5033293999995 445520.74144786166 1.1989378929138184
136 1666.6005999999998 5699.634817800001 442175.2679890391 1.2074830532073975
137 1666.6005999999998 5686.5633104 437484.5759347542 1.2161469459533691
138 1666.6005999999998 5686.5633104 437484.5759347542 1.225111961364746
139 1666.6005999999998 5686.5633104 437484.5759347542 1.2339911460876465
140 1666.6005999999998 5686.5633104 437484.5759347542 1.242954969406128
141 1666.6005999999998 5686.5633104 437484.5759347542 1.2524230480194092
142 1666.6005999999998 5686.5633104 437484.5759347542 1.2616407871246338
143 1666.6005999999998 5686.5633104 437484.5759347542 1.2706990242004395
144 1666.6005999999998 5686.5633104 437484.5759347542 1.2801518440246582
145 1666.6005999999998 5686.5633104 437484.5759347542 1.2893669605255127
146 1666.6005999999998 5686.5633104 437484.5759347542 1.298386812210083
147 1666.6005999999998 5685.7224049999995 436511.28768512374 1.3076808452606201
148 1666.6005999999998 5685.7224049999995 436511.28768512374 1.3164441585540771
149 1666.6005999999998 5685.7224049999995 436511.28768512374 1.3252949714660645
150 1666.6005999999998 5685.7224049999995 436511.28768512374 1.334049940109253
151 1666.6005999999998 5685.7224049999995 436511.28768512374 1.3429348468780518
152 1666.6005999999998 5685.7224049999995 436511.28768512374 1.352268934249878
153 1666.6005999999998 5682.171246999999 433077.7306796966 1.3614959716796875
154 1666.6005999999998 5674.7123977 423394.4270608221 1.3704159259796143
155 1666.6005999999998 5669.2196198 417519.4937935589 1.379673957824707
156 1666.6005999999998 5668.6070096 416954.2661680284 1.3889870643615723
157 1666.6005999999998 5666.9104512 414948.7488424772 1.3978259563446045
158 1666.6005999999998 5652.880383200001 406171.5082525149 1.406646966934204
159 1666.6005999999998 5652.880383200001 406171.5082525149 1.4153361320495605
160 1666.6005999999998 5652.259808600002 405752.24554054486 1.4243707656860352
161 1666.6005999999998 5652.259808600002 405752.24554054486 1.4331188201904297
162 1666.6005999999998 5652.259808600002 405752.24554054486 1.4419350624084473
163 1666.6005999999998 5652.259808600002 405752.24554054486 1.4506759643554688
164 1666.6005999999998 5652.259808600002 405752.24554054486 1.459742784500122
165 1666.6005999999998 5652.259808600002 405752.24554054486 1.4684419631958008
166 1666.6005999999998 5652.259808600002 405752.24554054486 1.4770920276641846
167 1666.6005999999998 5652.259808600002 405752.24554054486 1.4856901168823242
168 1666.6005999999998 5652.259808600002 405752.24554054486 1.49434494972229
169 1666.6005999999998 5652.259808600002 405752.24554054486 1.5033009052276611
170 1666.6005999999998 5652.259808600002 405752.24554054486 1.5119168758392334
171 1666.6005999999998 5651.770612900001 404875.183482244 1.520448923110962
172 1666.6005999999998 5651.349495500001 404158.12817434414 1.5290019512176514
173 1666.6005999999998 5651.349495500001 404158.12817434414 1.5378777980804443
174 1666.6005999999998 5646.5080473 401418.02110914746 1.546454906463623
175 1666.6005999999998 5646.5080473 401418.02110914746 1.554934024810791
176 1666.6005999999998 5646.5080473 401418.02110914746 1.5633928775787354
177 1666.6005999999998 5638.711123200001 394431.1308892986 1.5719349384307861
178 1666.6005999999998 5626.3901018999995 391494.71448509855 1.5805919170379639
179 1666.6005999999998 5626.3901018999995 391494.71448509855 1.5891339778900146
180 1666.6005999999998 5626.3901018999995 391494.71448509855 1.5976359844207764
181 1666.6005999999998 5625.310829800001 390322.6293250072 1.6061720848083496
182 1666.6005999999998 5622.583260400001 387169.1125678846 1.6147198677062988
183 1666.6005999999998 5617.1194964000015 383490.5359638508 1.623528003692627
184 1666.6005999999998 5617.1194964000015 383490.5359638508 1.6321148872375488
185 1666.6005999999998 5617.1194964000015 383490.5359638508 1.6406581401824951
186 1666.6005999999998 5616.341380500001 383037.443936093 1.6491811275482178
187 1666.6005999999998 5616.341380500001 383037.443936093 1.65812087059021
188 1666.6005999999998 5616.341380500001 383037.443936093 1.6667699813842773
189 1666.6005999999998 5616.341380500001 383037.443936093 1.675368070602417
190 1666.6005999999998 5614.145609700001 379960.5869688508 1.6840319633483887
191 1666.6005999999998 5614.145609700001 379960.5869688508 1.6927058696746826
192 1666.6005999999998 5614.145609700001 379960.5869688508 1.7015769481658936
193 1666.6005999999998 5614.145609700001 379960.5869688508 1.7102959156036377
194 1666.6005999999998 5614.145609700001 379960.5869688508 1.7189688682556152
195 1666.6005999999998 5611.870860700001 377249.40037284 1.7276630401611328
196 1666.6005999999998 5611.870860700001 377249.40037284 1.7365291118621826
197 1666.6005999999998 5611.870860700001 377249.40037284 1.7453200817108154
198 1666.6005999999998 5611.870860700001 377249.40037284 1.7539911270141602
199 1666.6005999999998 5611.870860700001 377249.40037284 1.7627298831939697
200 1666.6005999999998 5611.870860700001 377249.40037284 1.7715208530426025
201 1666.6005999999998 5611.870860700001 377249.40037284 1.7803809642791748
202 1666.6005999999998 5611.870860700001 377249.40037284 1.7890269756317139
203 1666.6005999999998 5611.870860700001 377249.40037284 1.7976338863372803
204 1666.6005999999998 5611.870860700001 377249.40037284 1.8063011169433594
205 1666.6005999999998 5611.870860700001 377249.40037284 1.8152611255645752
206 1666.6005999999998 5611.870860700001 377249.40037284 1.824059009552002
207 1666.6005999999998 5611.870860700001 377249.40037284 1.8326799869537354
208 1666.6005999999998 5611.870860700001 377249.40037284 1.8413410186767578
209 1666.6005999999998 5611.870860700001 377249.40037284 1.8501360416412354
210 1666.6005999999998 5611.870860700001 377249.40037284 1.8591070175170898
211 1666.6005999999998 5611.870860700001 377249.40037284 1.8678410053253174
212 1666.6005999999998 5611.870860700001 377249.40037284 1.8764431476593018
213 1666.6005999999998 5611.870860700001 377249.40037284 1.8850810527801514
214 1666.6005999999998 5611.870860700001 377249.40037284 1.8939480781555176
215 1666.6005999999998 5611.870860700001 377249.40037284 1.902707815170288
216 1666.6005999999998 5611.870860700001 377249.40037284 1.9114658832550049
217 1666.6005999999998 5611.870860700001 377249.40037284 1.9192590713500977
218 1666.6005999999998 5611.870860700001 377249.40037284 1.9270069599151611
219 1666.6005999999998 5611.870860700001 377249.40037284 1.9349539279937744
220 1666.6005999999998 5611.870860700001 377249.40037284 1.9429969787597656
221 1666.6005999999998 5611.870860700001 377249.40037284 1.9509520530700684
222 1666.6005999999998 5611.870860700001 377249.40037284 1.959015130996704
223 1666.6005999999998 5611.870860700001 377249.40037284 1.967155933380127
224 1666.6005999999998 5611.870860700001 377249.40037284 1.9754600524902344
225 1666.6005999999998 5611.870860700001 377249.40037284 1.9836130142211914
226 1666.6005999999998 5611.870860700001 377249.40037284 1.9917030334472656
227 1666.6005999999998 5611.870860700001 377249.40037284 1.999608039855957
228 1666.6005999999998 5611.870860700001 377249.40037284 2.00736403465271
229 1666.6005999999998 5611.870860700001 377249.40037284 2.0153210163116455
230 1666.6005999999998 5611.870860700001 377249.40037284 2.0232560634613037
231 1666.6005999999998 5611.870860700001 377249.40037284 2.0310819149017334
232 1666.6005999999998 5611.870860700001 377249.40037284 2.039046049118042
233 1666.6005999999998 5611.870860700001 377249.40037284 2.0468451976776123
234 1666.6005999999998 5611.870860700001 377249.40037284 2.0548319816589355
235 1666.6005999999998 5611.870860700001 377249.40037284 2.062739849090576
236 1666.6005999999998 5611.870860700001 377249.40037284 2.0706729888916016
237 1666.6005999999998 5611.870860700001 377249.40037284 2.078555107116699
238 1666.6005999999998 5611.870860700001 377249.40037284 2.0863659381866455
239 1666.6005999999998 5611.870860700001 377249.40037284 2.09441876411438
240 1666.6005999999998 5611.870860700001 377249.40037284 2.1026580333709717
241 1666.6005999999998 5611.870860700001 377249.40037284 2.110944986343384
242 1666.6005999999998 5611.870860700001 377249.40037284 2.1188180446624756
243 1666.6005999999998 5611.870860700001 377249.40037284 2.126577138900757
244 1666.6005999999998 5611.870860700001 377249.40037284 2.134618043899536
245 1666.6005999999998 5611.870860700001 377249.40037284 2.1439929008483887
246 1666.6005999999998 5611.870860700001 377249.40037284 2.1533150672912598
247 1666.6005999999998 5611.870860700001 377249.40037284 2.1626768112182617
248 1666.6005999999998 5611.870860700001 377249.40037284 2.172137975692749
249 1666.6005999999998 5611.870860700001 377249.40037284 2.1815829277038574
The optimum value should be 1305.95141

1666.6005999999998 2.1908321380615234

